#Depth	Count
1	2671432533
2	356803156
3	202465204
4	138698289
5	96862535
6	68115737
7	48694924
8	35689341
9	27082509
10	21415994
11	17725013
12	15244914
13	13621561
14	12533821
15	11781678
16	11258537
17	10861647
18	10553456
19	10269301
20	10002277
21	9732195
22	9456172
23	9170770
24	8868290
25	8544048
26	8205608
27	7869579
28	7519097
29	7168891
30	6812656
31	6455392
32	6119938
33	5792067
34	5462225
35	5144551
36	4838252
37	4550670
38	4270122
39	4009587
40	3763142
41	3532133
42	3309527
43	3100301
44	2899286
45	2713456
46	2538072
47	2377259
48	2229157
49	2092402
50	1966037
51	1851149
52	1740848
53	1640611
54	1555072
55	1476873
56	1406823
57	1342601
58	1284590
59	1228732
60	1178952
61	1132774
62	1091064
63	1045459
64	1004104
65	964360
66	922801
67	884726
68	849136
69	810279
70	772508
71	737218
72	699682
73	666730
74	632931
75	599528
76	570945
77	540092
78	510686
79	483068
80	454825
81	430699
82	405822
83	381338
84	358352
85	339021
86	318845
87	298404
88	280287
89	262478
90	246113
91	229937
92	214948
93	200669
94	187510
95	174851
96	163274
97	152376
98	142766
99	132899
100	124278
101	116439
102	108193
103	102082
104	94984
105	89391
106	83897
107	78718
108	74473
109	70043
110	65863
111	62909
112	59887
113	56426
114	54201
115	50981
116	48424
117	47035
118	44623
119	43197
120	40984
121	40168
122	38878
123	37139
124	36183
125	35100
126	34755
127	34158
128	33807
129	33413
130	33414
131	33218
132	32955
133	33758
134	33780
135	33672
136	34825
137	35352
138	36051
139	36674
140	37163
141	38117
142	38922
143	40010
144	41083
145	42264
146	42925
147	44394
148	45899
149	46650
150	48074
151	49360
152	50513
153	51516
154	52883
155	54262
156	55326
157	56450
158	57846
159	58663
160	59955
161	61202
162	62018
163	62942
164	63592
165	64391
166	65023
167	65415
168	66372
169	66970
170	68183
171	68963
172	69741
173	70260
174	71243
175	71201
176	71905
177	72336
178	72430
179	72696
180	73531
181	73669
182	73917
183	74716
184	74767
185	74172
186	73857
187	73826
188	73800
189	73120
190	72880
191	72833
192	72681
193	72534
194	71897
195	71575
196	72026
197	70907
198	70777
199	70089
200	69851
201	69515
202	69368
203	68656
204	68224
205	67580
206	67561
207	67321
208	67068
209	66525
210	66505
211	65913
212	65424
213	65587
214	64343
215	63911
216	63344
217	63652
218	62647
219	62499
220	61589
221	60666
222	60465
223	60674
224	59428
225	58924
226	58572
227	57751
228	57028
229	56827
230	55973
231	54983
232	54502
233	53866
234	53075
235	52228
236	51514
237	50985
238	49775
239	49561
240	49155
241	48038
242	47947
243	47088
244	46155
245	45858
246	44825
247	43908
248	43599
249	42965
250	42470
251	41273
252	40523
253	39801
254	38929
255	38766
256	37596
257	36680
258	35521
259	35041
260	33643
261	33203
262	31773
263	31348
264	30312
265	29833
266	28572
267	28032
268	27215
269	26306
270	25719
271	24613
272	24179
273	23594
274	22871
275	22157
276	21421
277	20638
278	20101
279	19355
280	18760
281	17873
282	16972
283	16440
284	15708
285	15178
286	14527
287	14177
288	13434
289	13102
290	12484
291	12238
292	11657
293	11170
294	10745
295	10019
296	9671
297	9390
298	8995
299	8536
300	8303
301	7756
302	7478
303	7219
304	6991
305	6762
306	6597
307	6314
308	6131
309	5833
310	5662
311	5242
312	5175
313	4918
314	4676
315	4612
316	4537
317	4339
318	4146
319	4128
320	3851
321	3643
322	3515
323	3465
324	3310
325	3113
326	3053
327	2952
328	2787
329	2707
330	2686
331	2586
332	2503
333	2431
334	2268
335	2321
336	2293
337	2260
338	2116
339	2045
340	2000
341	1918
342	1819
343	1748
344	1688
345	1726
346	1720
347	1656
348	1580
349	1608
350	1560
351	1564
352	1483
353	1435
354	1394
355	1308
356	1312
357	1279
358	1195
359	1206
360	1218
361	1246
362	1197
363	1240
364	1207
365	1186
366	1168
367	1191
368	1129
369	1119
370	1093
371	1129
372	1082
373	1099
374	1104
375	1153
376	1161
377	1137
378	1159
379	1169
380	1169
381	1059
382	1072
383	1011
384	1003
385	982
386	1018
387	1039
388	1040
389	1074
390	1022
391	1002
392	977
393	1029
394	1023
395	1025
396	1044
397	1016
398	1063
399	1042
400	1099
401	1088
402	1032
403	1057
404	1085
405	1146
406	1036
407	1006
408	1053
409	1040
410	1101
411	1115
412	1108
413	1150
414	1200
415	1174
416	1155
417	1116
418	1114
419	1113
420	1126
421	1086
422	1140
423	1136
424	1116
425	1196
426	1130
427	1191
428	1085
429	1148
430	1132
431	1091
432	1139
433	1104
434	1079
435	1131
436	1073
437	1081
438	1086
439	1108
440	993
441	1022
442	1094
443	1035
444	989
445	1037
446	1078
447	1032
448	1043
449	1034
450	1068
451	1033
452	1050
453	1036
454	996
455	997
456	1016
457	982
458	1007
459	954
460	967
461	921
462	997
463	940
464	960
465	907
466	879
467	898
468	854
469	924
470	810
471	894
472	877
473	876
474	802
475	807
476	742
477	741
478	799
479	785
480	748
481	709
482	665
483	693
484	710
485	659
486	687
487	586
488	658
489	614
490	599
491	604
492	575
493	535
494	599
495	547
496	550
497	548
498	539
499	554
500	556
501	548
502	512
503	521
504	531
505	493
506	528
507	558
508	484
509	491
510	509
511	463
512	474
513	451
514	441
515	432
516	452
517	434
518	457
519	438
520	413
521	461
522	452
523	441
524	411
525	420
526	401
527	415
528	394
529	417
530	402
531	418
532	386
533	395
534	416
535	389
536	389
537	391
538	341
539	409
540	388
541	387
542	352
543	409
544	383
545	353
546	390
547	364
548	407
549	342
550	371
551	359
552	365
553	370
554	357
555	398
556	376
557	372
558	389
559	355
560	353
561	388
562	377
563	378
564	377
565	360
566	373
567	380
568	346
569	374
570	412
571	361
572	399
573	363
574	383
575	387
576	363
577	352
578	378
579	340
580	363
581	355
582	361
583	351
584	336
585	342
586	349
587	322
588	350
589	334
590	376
591	366
592	367
593	339
594	344
595	335
596	349
597	335
598	337
599	347
600	340
601	302
602	335
603	410
604	343
605	401
606	355
607	371
608	358
609	376
610	351
611	331
612	347
613	362
614	366
615	361
616	381
617	351
618	353
619	340
620	348
621	344
622	355
623	305
624	317
625	302
626	305
627	305
628	271
629	303
630	351
631	362
632	337
633	291
634	337
635	309
636	366
637	326
638	310
639	354
640	348
641	341
642	332
643	327
644	344
645	342
646	328
647	352
648	313
649	309
650	323
651	344
652	314
653	351
654	349
655	346
656	320
657	338
658	321
659	335
660	322
661	347
662	309
663	305
664	318
665	298
666	295
667	315
668	287
669	281
670	273
671	314
672	326
673	300
674	295
675	272
676	312
677	250
678	259
679	265
680	273
681	256
682	252
683	280
684	300
685	284
686	255
687	241
688	255
689	259
690	264
691	256
692	259
693	261
694	253
695	268
696	214
697	266
698	263
699	259
700	261
701	266
702	271
703	303
704	236
705	252
706	292
707	272
708	271
709	274
710	248
711	270
712	293
713	247
714	269
715	268
716	268
717	247
718	258
719	279
720	218
721	256
722	230
723	257
724	243
725	235
726	248
727	254
728	240
729	239
730	241
731	226
732	245
733	226
734	215
735	217
736	187
737	232
738	208
739	207
740	185
741	184
742	181
743	199
744	173
745	203
746	187
747	168
748	168
749	141
750	166
751	170
752	149
753	153
754	173
755	156
756	155
757	170
758	145
759	158
760	166
761	153
762	132
763	140
764	122
765	156
766	135
767	145
768	139
769	142
770	135
771	117
772	144
773	132
774	144
775	150
776	127
777	166
778	115
779	151
780	139
781	147
782	131
783	130
784	124
785	133
786	125
787	141
788	125
789	123
790	148
791	118
792	140
793	127
794	131
795	150
796	133
797	126
798	115
799	106
800	94
801	109
802	130
803	104
804	109
805	118
806	109
807	106
808	105
809	95
810	98
811	102
812	136
813	124
814	114
815	130
816	120
817	127
818	120
819	102
820	103
821	107
822	105
823	107
824	112
825	102
826	107
827	110
828	115
829	97
830	98
831	115
832	101
833	124
834	103
835	88
836	101
837	108
838	99
839	111
840	99
841	113
842	79
843	81
844	98
845	81
846	82
847	85
848	88
849	79
850	76
851	80
852	83
853	81
854	83
855	77
856	69
857	80
858	81
859	86
860	89
861	88
862	75
863	75
864	89
865	73
866	93
867	67
868	83
869	76
870	74
871	65
872	74
873	81
874	79
875	83
876	73
877	77
878	62
879	82
880	72
881	69
882	69
883	79
884	72
885	79
886	76
887	67
888	72
889	63
890	78
891	65
892	74
893	60
894	65
895	81
896	59
897	63
898	70
899	57
900	58
901	64
902	66
903	70
904	58
905	52
906	54
907	81
908	66
909	68
910	71
911	68
912	54
913	67
914	75
915	50
916	72
917	66
918	44
919	60
920	53
921	56
922	57
923	52
924	65
925	55
926	45
927	54
928	62
929	73
930	59
931	67
932	63
933	74
934	58
935	59
936	65
937	61
938	70
939	81
940	78
941	71
942	90
943	87
944	67
945	74
946	80
947	60
948	61
949	76
950	67
951	81
952	64
953	75
954	74
955	94
956	66
957	69
958	84
959	79
960	63
961	67
962	68
963	88
964	71
965	68
966	74
967	81
968	92
969	69
970	80
971	73
972	82
973	60
974	73
975	77
976	65
977	60
978	67
979	68
980	65
981	58
982	52
983	68
984	74
985	86
986	69
987	62
988	63
989	59
990	72
991	51
992	71
993	54
994	53
995	66
996	52
997	53
998	62
999	60
1000	60
1001	49
1002	45
1003	47
1004	43
1005	56
1006	56
1007	34
1008	42
1009	51
1010	45
1011	49
1012	43
1013	38
1014	37
1015	50
1016	34
1017	39
1018	41
1019	44
1020	34
1021	43
1022	38
1023	44
1024	54
1025	42
1026	51
1027	53
1028	39
1029	45
1030	40
1031	39
1032	42
1033	33
1034	38
1035	43
1036	29
1037	50
1038	35
1039	53
1040	36
1041	53
1042	43
1043	43
1044	55
1045	41
1046	47
1047	45
1048	45
1049	53
1050	39
1051	45
1052	40
1053	52
1054	40
1055	55
1056	33
1057	34
1058	40
1059	30
1060	37
1061	52
1062	39
1063	44
1064	46
1065	44
1066	42
1067	51
1068	39
1069	37
1070	47
1071	45
1072	46
1073	41
1074	55
1075	42
1076	40
1077	45
1078	49
1079	49
1080	56
1081	42
1082	56
1083	44
1084	60
1085	47
1086	39
1087	36
1088	45
1089	52
1090	43
1091	45
1092	48
1093	37
1094	53
1095	47
1096	58
1097	45
1098	67
1099	54
1100	56
1101	47
1102	53
1103	50
1104	67
1105	54
1106	37
1107	55
1108	62
1109	52
1110	51
1111	45
1112	69
1113	68
1114	48
1115	51
1116	54
1117	45
1118	63
1119	55
1120	42
1121	58
1122	47
1123	37
1124	57
1125	54
1126	58
1127	57
1128	59
1129	54
1130	62
1131	49
1132	54
1133	56
1134	68
1135	58
1136	52
1137	55
1138	51
1139	57
1140	48
1141	42
1142	58
1143	36
1144	41
1145	42
1146	44
1147	33
1148	38
1149	36
1150	54
1151	42
1152	49
1153	39
1154	38
1155	40
1156	46
1157	52
1158	41
1159	42
1160	50
1161	44
1162	40
1163	32
1164	43
1165	45
1166	37
1167	35
1168	37
1169	28
1170	29
1171	42
1172	43
1173	39
1174	43
1175	46
1176	30
1177	33
1178	29
1179	34
1180	38
1181	27
1182	38
1183	39
1184	27
1185	30
1186	19
1187	32
1188	37
1189	23
1190	29
1191	30
1192	22
1193	26
1194	30
1195	23
1196	13
1197	25
1198	33
1199	28
1200	11
1201	19
1202	18
1203	25
1204	20
1205	17
1206	26
1207	16
1208	21
1209	14
1210	14
1211	18
1212	18
1213	24
1214	26
1215	20
1216	19
1217	20
1218	23
1219	25
1220	20
1221	21
1222	25
1223	20
1224	20
1225	16
1226	22
1227	22
1228	20
1229	11
1230	17
1231	23
1232	16
1233	20
1234	11
1235	13
1236	14
1237	13
1238	15
1239	21
1240	17
1241	18
1242	20
1243	13
1244	23
1245	19
1246	17
1247	19
1248	13
1249	9
1250	21
1251	12
1252	14
1253	13
1254	12
1255	14
1256	11
1257	12
1258	11
1259	11
1260	15
1261	18
1262	19
1263	12
1264	20
1265	21
1266	12
1267	12
1268	22
1269	23
1270	22
1271	13
1272	24
1273	19
1274	16
1275	20
1276	23
1277	25
1278	24
1279	26
1280	24
1281	25
1282	25
1283	25
1284	25
1285	27
1286	23
1287	18
1288	17
1289	24
1290	23
1291	17
1292	31
1293	37
1294	15
1295	19
1296	22
1297	21
1298	14
1299	20
1300	23
1301	17
1302	23
1303	28
1304	23
1305	18
1306	29
1307	19
1308	27
1309	19
1310	30
1311	30
1312	24
1313	22
1314	25
1315	31
1316	24
1317	25
1318	22
1319	26
1320	23
1321	26
1322	20
1323	19
1324	26
1325	20
1326	19
1327	26
1328	15
1329	16
1330	25
1331	26
1332	26
1333	20
1334	18
1335	31
1336	21
1337	24
1338	21
1339	28
1340	29
1341	12
1342	21
1343	18
1344	22
1345	21
1346	14
1347	19
1348	22
1349	23
1350	22
1351	14
1352	26
1353	22
1354	30
1355	16
1356	15
1357	18
1358	20
1359	24
1360	17
1361	12
1362	19
1363	10
1364	9
1365	12
1366	13
1367	15
1368	13
1369	9
1370	15
1371	12
1372	15
1373	23
1374	9
1375	6
1376	5
1377	13
1378	13
1379	7
1380	11
1381	6
1382	10
1383	14
1384	13
1385	8
1386	9
1387	6
1388	13
1389	13
1390	5
1391	10
1392	5
1393	6
1394	8
1395	8
1396	10
1397	7
1398	13
1399	6
1400	11
1401	6
1402	8
1403	12
1404	9
1405	9
1406	11
1407	9
1408	10
1409	10
1410	8
1411	8
1412	10
1413	4
1414	8
1415	8
1416	13
1417	15
1418	11
1419	11
1420	12
1421	7
1422	8
1423	9
1424	6
1425	11
1426	8
1427	5
1428	6
1429	10
1430	15
1431	9
1432	9
1433	12
1434	8
1435	14
1436	6
1437	8
1438	9
1439	5
1440	10
1441	4
1442	4
1443	6
1444	6
1445	2
1446	13
1447	9
1448	6
1449	2
1450	4
1451	7
1452	8
1453	6
1454	7
1455	11
1456	11
1457	8
1458	10
1459	6
1460	7
1461	11
1462	4
1463	8
1464	7
1465	8
1466	11
1467	8
1468	4
1469	6
1470	6
1471	8
1472	6
1473	17
1474	7
1475	10
1476	7
1477	6
1478	11
1479	8
1480	10
1481	10
1482	8
1483	4
1484	8
1485	9
1486	7
1487	7
1488	6
1489	7
1490	10
1491	9
1492	8
1493	10
1494	5
1495	11
1496	8
1497	5
1498	12
1499	9
1500	9
1501	9
1502	9
1503	3
1504	8
1505	8
1506	6
1507	3
1508	9
1509	4
1510	6
1511	7
1512	6
1513	3
1514	7
1515	7
1516	11
1517	5
1518	6
1519	5
1520	5
1521	4
1522	10
1523	5
1524	7
1525	8
1526	4
1527	8
1528	5
1529	8
1530	13
1531	4
1532	10
1533	4
1534	7
1535	5
1536	15
1537	6
1538	7
1539	11
1540	4
1541	9
1542	7
1543	9
1544	8
1545	5
1546	11
1547	9
1548	4
1549	7
1550	8
1551	6
1552	5
1553	4
1554	9
1555	7
1556	12
1557	10
1558	6
1559	5
1560	9
1561	8
1562	7
1563	9
1564	8
1565	6
1566	6
1567	6
1568	5
1569	7
1570	8
1571	6
1572	8
1573	4
1574	9
1575	8
1576	6
1577	13
1578	11
1579	8
1580	7
1581	9
1582	7
1583	8
1584	8
1585	4
1586	11
1587	6
1588	8
1589	3
1590	7
1591	8
1592	3
1593	8
1594	10
1595	9
1596	5
1597	5
1598	7
1599	6
1600	8
1601	6
1602	6
1603	5
1604	4
1605	6
1606	5
1607	5
1608	4
1609	8
1610	6
1611	9
1612	10
1613	6
1614	7
1615	6
1616	5
1617	8
1618	6
1619	9
1620	8
1621	4
1622	6
1623	9
1624	6
1625	8
1626	13
1627	9
1628	7
1629	8
1630	8
1631	6
1632	5
1633	9
1634	11
1635	9
1636	8
1637	14
1638	8
1639	6
1640	9
1641	11
1642	8
1643	6
1644	12
1645	8
1646	7
1647	11
1648	4
1649	12
1650	9
1651	18
1652	9
1653	5
1654	11
1655	8
1656	12
1657	4
1658	8
1659	17
1660	9
1661	12
1662	10
1663	7
1664	10
1665	11
1666	8
1667	10
1668	7
1669	2
1670	13
1671	8
1672	6
1673	4
1674	7
1675	10
1676	9
1677	5
1678	10
1679	17
1680	7
1681	9
1682	9
1683	8
1684	3
1685	6
1686	12
1687	9
1688	11
1689	8
1690	7
1691	10
1692	8
1693	6
1694	7
1695	5
1696	3
1697	5
1698	6
1699	11
1700	10
1701	8
1702	6
1703	8
1704	8
1705	4
1706	9
1707	13
1708	10
1709	11
1710	9
1711	11
1712	12
1713	8
1714	6
1715	8
1716	11
1717	9
1718	8
1719	10
1720	9
1721	9
1722	9
1723	6
1724	10
1725	7
1726	9
1727	8
1728	10
1729	7
1730	5
1731	10
1732	11
1733	7
1734	5
1735	11
1736	8
1737	9
1738	8
1739	3
1740	7
1741	9
1742	5
1743	7
1744	15
1745	11
1746	11
1747	5
1748	7
1749	8
1750	10
1751	6
1752	7
1753	10
1754	10
1755	5
1756	12
1757	8
1758	6
1759	5
1760	6
1761	14
1762	13
1763	6
1764	12
1765	7
1766	8
1767	8
1768	10
1769	7
1770	4
1771	8
1772	10
1773	1
1774	8
1775	10
1776	9
1777	12
1778	5
1779	13
1780	13
1781	5
1782	8
1783	6
1784	8
1785	4
1786	5
1787	9
1788	9
1789	13
1790	10
1791	14
1792	6
1793	8
1794	6
1795	7
1796	18
1797	10
1798	6
1799	8
1800	13
1801	10
1802	9
1803	11
1804	7
1805	10
1806	14
1807	10
1808	10
1809	12
1810	7
1811	8
1812	6
1813	5
1814	6
1815	6
1816	6
1817	4
1818	10
1819	4
1820	5
1821	2
1822	5
1823	3
1824	7
1825	4
1826	3
1827	11
1828	5
1829	4
1830	4
1831	6
1832	10
1833	5
1834	8
1835	11
1836	7
1837	8
1838	6
1839	7
1840	10
1841	2
1842	9
1843	3
1844	6
1845	9
1846	7
1847	10
1848	12
1849	7
1850	8
1851	3
1852	10
1853	8
1854	11
1855	8
1856	7
1857	13
1858	8
1859	12
1860	11
1861	5
1862	7
1863	6
1864	10
1865	7
1866	6
1867	9
1868	6
1869	10
1870	5
1871	2
1872	5
1873	3
1874	5
1875	6
1876	2
1877	4
1878	7
1879	5
1880	4
1881	3
1882	3
1883	6
1884	5
1885	8
1886	6
1887	10
1888	3
1889	4
1890	8
1891	3
1892	8
1893	2
1894	3
1895	3
1896	8
1897	4
1898	2
1899	2
1900	6
1901	5
1902	9
1903	5
1904	7
1905	8
1906	6
1907	4
1908	1
1909	5
1910	6
1911	4
1912	4
1913	3
1914	4
1915	10
1916	6
1917	4
1918	3
1919	8
1920	4
1921	6
1922	5
1923	3
1924	2
1925	4
1926	2
1927	6
1928	3
1929	3
1930	1
1931	1
1932	2
1933	2
1934	5
1935	2
1936	5
1937	6
1938	2
1939	3
1940	4
1941	5
1942	3
1943	3
1944	6
1945	6
1946	2
1947	4
1948	2
1949	3
1950	3
1951	5
1952	3
1953	3
1954	1
1955	3
1956	1
1957	4
1958	2
1959	4
1960	5
1961	2
1962	5
1963	4
1964	4
1965	3
1966	3
1967	1
1968	4
1969	6
1970	1
1971	5
1972	6
1973	1
1974	3
1975	2
1976	1
1977	2
1978	1
1979	3
1980	3
1981	1
1982	2
1983	2
1984	1
1985	5
1986	2
1987	2
1989	1
1990	3
1991	3
1992	3
1993	3
1994	2
1995	2
1996	3
1997	5
1998	1
1999	6
2001	3
2002	8
2003	3
2004	3
2005	5
2006	3
2007	2
2008	2
2009	6
2010	1
2011	2
2012	1
2013	6
2014	3
2015	1
2016	4
2017	4
2018	4
2019	2
2020	1
2021	3
2022	3
2023	8
2024	2
2025	7
2026	5
2027	5
2028	5
2029	9
2030	7
2031	11
2032	4
2033	3
2034	1
2035	6
2036	2
2037	1
2038	1
2039	4
2040	2
2041	2
2042	1
2043	3
2044	2
2045	5
2046	2
2047	4
2048	4
2049	2
2050	6
2051	3
2052	2
2053	5
2054	2
2055	1
2056	1
2057	2
2058	3
2059	3
2060	2
2061	5
2062	4
2063	1
2064	1
2065	4
2066	6
2067	2
2068	1
2069	3
2070	4
2072	3
2073	2
2074	4
2075	4
2076	4
2077	4
2078	1
2079	1
2080	3
2081	2
2083	4
2084	2
2085	5
2086	5
2087	1
2088	5
2089	4
2090	1
2091	2
2092	4
2093	4
2094	2
2095	2
2096	2
2097	1
2098	4
2099	2
2101	5
2102	2
2103	3
2104	6
2105	3
2106	1
2107	3
2108	2
2109	2
2110	3
2111	3
2112	4
2113	2
2114	6
2115	3
2118	3
2119	1
2120	2
2121	3
2122	4
2123	1
2124	4
2125	2
2126	4
2127	3
2128	8
2129	3
2130	2
2131	2
2132	4
2133	5
2134	4
2135	3
2136	1
2137	2
2138	1
2139	3
2140	4
2141	3
2142	5
2143	3
2144	2
2146	3
2147	3
2148	4
2149	2
2150	3
2151	6
2152	2
2153	1
2154	4
2155	5
2156	3
2157	1
2158	1
2159	2
2160	1
2161	2
2162	2
2163	2
2164	3
2165	3
2166	2
2167	2
2168	2
2169	4
2170	2
2171	3
2172	2
2173	1
2174	4
2175	1
2176	1
2177	3
2178	3
2179	5
2180	4
2181	1
2182	8
2183	4
2184	5
2185	1
2186	5
2187	4
2188	2
2189	3
2191	1
2192	1
2194	6
2195	3
2196	3
2197	6
2198	7
2199	6
2200	1
2204	2
2205	4
2206	2
2207	2
2208	2
2209	1
2210	4
2211	2
2212	2
2213	1
2214	2
2215	5
2216	2
2218	3
2219	1
2220	3
2221	1
2222	1
2223	1
2224	2
2225	3
2226	4
2227	2
2228	3
2230	2
2231	2
2232	5
2234	2
2235	2
2236	5
2238	4
2240	3
2241	3
2242	3
2243	1
2244	2
2245	3
2246	4
2247	3
2248	3
2249	2
2250	1
2251	1
2253	2
2254	2
2255	3
2256	4
2257	2
2258	3
2259	2
2260	3
2261	1
2262	1
2263	2
2264	2
2265	3
2266	4
2267	1
2268	4
2269	4
2270	7
2271	3
2272	3
2273	2
2274	1
2275	5
2276	1
2277	2
2278	5
2279	1
2281	2
2282	1
2283	4
2284	4
2285	2
2286	2
2287	2
2288	1
2289	2
2291	1
2292	1
2295	1
2296	1
2297	2
2298	1
2299	1
2300	2
2301	1
2302	1
2303	1
2304	4
2306	1
2309	1
2312	4
2315	2
2316	2
2318	2
2320	1
2321	2
2322	1
2324	1
2326	2
2327	1
2328	1
2330	1
2331	4
2332	1
2333	3
2334	2
2335	2
2336	3
2337	4
2338	2
2340	2
2341	1
2342	1
2344	1
2345	1
2346	1
2347	1
2348	1
2351	3
2352	1
2354	1
2356	3
2357	1
2358	1
2361	2
2362	2
2363	2
2365	1
2366	1
2367	2
2368	5
2369	1
2370	2
2371	2
2372	2
2373	5
2374	2
2375	1
2376	2
2377	3
2378	4
2379	1
2380	2
2381	1
2382	1
2383	2
2384	1
2386	3
2387	3
2388	1
2389	1
2390	3
2391	1
2392	3
2393	4
2394	1
2395	3
2396	6
2397	4
2398	1
2399	3
2400	2
2401	1
2402	2
2403	2
2404	2
2405	3
2406	2
2407	1
2409	2
2410	1
2411	1
2412	2
2413	1
2414	1
2415	3
2416	2
2417	2
2418	1
2419	2
2420	3
2421	2
2422	2
2423	2
2424	6
2425	2
2426	2
2427	1
2428	1
2429	2
2430	1
2431	1
2432	4
2433	2
2434	2
2436	5
2439	3
2440	3
2441	5
2442	6
2443	3
2444	2
2446	1
2448	2
2449	1
2450	2
2452	3
2453	2
2454	1
2455	1
2456	2
2457	6
2458	4
2459	2
2460	4
2461	1
2462	2
2463	7
2464	2
2465	4
2466	1
2467	1
2469	4
2470	2
2471	1
2472	2
2473	6
2474	2
2475	5
2476	3
2477	2
2478	2
2479	2
2480	5
2481	2
2482	7
2483	6
2484	1
2485	4
2486	3
2487	6
2488	2
2489	1
2490	1
2491	5
2492	2
2493	1
2494	5
2495	6
2496	3
2497	3
2498	1
2499	1
2500	5
2501	3
2502	1
2503	4
2504	3
2505	6
2506	3
2507	1
2508	3
2509	2
2510	3
2511	7
2512	5
2513	3
2514	4
2515	4
2516	5
2517	4
2518	5
2519	4
2520	2
2521	2
2522	4
2523	2
2524	3
2525	7
2526	2
2527	2
2528	5
2529	4
2530	2
2531	3
2532	2
2533	6
2534	3
2535	9
2536	3
2537	7
2538	10
2539	2
2540	2
2541	7
2542	4
2543	8
2544	5
2545	4
2546	8
2547	6
2548	4
2549	9
2550	5
2551	5
2552	7
2553	8
2554	12
2555	7
2556	6
2557	9
2558	5
2559	6
2560	2
2561	3
2562	6
2563	4
2564	10
2565	4
2566	2
2567	2
2568	4
2569	4
2570	4
2571	5
2572	8
2573	3
2574	6
2575	2
2576	5
2577	3
2578	1
2579	7
2580	6
2581	6
2582	5
2583	2
2584	1
2585	5
2586	4
2587	5
2588	6
2589	1
2590	12
2591	3
2592	3
2593	4
2594	3
2595	3
2596	4
2597	5
2598	2
2599	2
2600	3
2601	6
2602	5
2603	3
2604	1
2605	2
2606	1
2607	4
2608	1
2609	2
2610	1
2611	1
2612	8
2613	4
2614	6
2615	2
2616	1
2617	5
2618	2
2619	6
2620	4
2621	3
2622	5
2623	1
2624	6
2625	3
2626	4
2627	5
2628	5
2629	4
2630	4
2631	1
2632	4
2633	9
2634	3
2635	6
2636	3
2637	6
2638	3
2639	4
2640	4
2641	5
2642	4
2643	5
2644	6
2645	7
2646	7
2647	4
2648	4
2649	4
2650	5
2651	4
2652	5
2653	5
2654	2
2655	3
2656	6
2657	5
2658	2
2659	4
2660	3
2661	2
2662	2
2663	2
2664	3
2665	4
2666	5
2667	4
2668	4
2669	3
2670	2
2671	2
2672	1
2673	1
2674	1
2675	2
2676	3
2677	1
2678	1
2679	4
2680	4
2681	3
2682	5
2683	6
2684	2
2685	6
2686	2
2687	5
2688	3
2689	1
2690	3
2691	5
2692	1
2693	5
2694	4
2695	2
2696	3
2697	3
2698	2
2699	2
2700	1
2701	7
2702	5
2703	6
2704	3
2705	2
2706	2
2707	3
2708	5
2710	5
2711	6
2712	2
2713	2
2714	1
2716	4
2717	2
2718	2
2719	3
2720	2
2721	4
2722	6
2723	4
2724	1
2725	6
2726	1
2727	3
2728	2
2729	3
2730	4
2731	4
2732	4
2733	4
2734	3
2735	2
2736	3
2737	5
2739	4
2740	2
2741	3
2742	1
2743	2
2744	6
2745	2
2746	2
2747	3
2748	1
2749	1
2750	4
2751	4
2752	1
2753	2
2754	3
2755	3
2756	4
2757	3
2758	2
2759	2
2760	5
2761	1
2762	4
2763	3
2764	2
2765	2
2766	4
2767	1
2768	6
2769	3
2770	1
2771	2
2772	3
2773	5
2774	2
2775	5
2776	4
2777	8
2778	4
2779	4
2780	4
2781	3
2782	4
2783	5
2784	7
2785	3
2786	2
2788	3
2789	3
2790	1
2791	1
2792	2
2793	2
2794	2
2795	3
2796	1
2797	3
2798	1
2799	4
2800	3
2801	1
2802	4
2803	2
2804	4
2805	2
2806	2
2807	2
2808	3
2810	2
2811	2
2812	5
2813	1
2815	4
2816	2
2817	2
2818	3
2819	1
2820	2
2821	3
2822	4
2823	1
2824	1
2825	2
2826	1
2827	1
2828	6
2829	2
2830	2
2831	1
2834	6
2836	4
2837	5
2838	5
2840	1
2841	3
2842	2
2843	1
2846	2
2847	3
2848	2
2849	3
2850	7
2851	3
2852	1
2854	3
2855	3
2856	1
2857	2
2860	2
2861	2
2862	6
2863	2
2864	1
2865	2
2866	2
2867	1
2868	3
2869	2
2870	1
2871	1
2875	1
2877	2
2879	3
2882	1
2883	1
2884	2
2885	1
2886	1
2887	1
2889	3
2890	2
2891	1
2893	1
2894	1
2897	2
2898	2
2899	4
2901	2
2902	1
2903	1
2906	1
2907	1
2908	3
2912	1
2913	1
2914	1
2916	2
2918	1
2919	1
2922	1
2923	1
2925	1
2926	2
2927	1
2928	1
2929	1
2930	1
2932	3
2933	1
2934	3
2936	1
2938	2
2940	1
2941	2
2945	1
2947	1
2948	2
2949	2
2952	2
2954	4
2955	1
2958	1
2959	2
2960	3
2961	1
2966	5
2968	2
2969	2
2970	1
2973	1
2974	3
2975	1
2976	4
2978	3
2980	3
2983	2
2984	2
2985	3
2987	5
2988	1
2989	3
2991	3
2992	3
2993	2
2994	3
2995	1
2996	1
2997	1
2998	3
2999	2
3000	1
3001	1
3003	3
3004	1
3005	1
3006	1
3007	1
3008	3
3009	2
3011	2
3012	1
3013	1
3014	3
3016	1
3017	1
3019	1
3021	1
3022	2
3023	3
3024	2
3027	1
3028	2
3029	1
3031	1
3034	1
3035	1
3036	2
3041	1
3042	2
3043	4
3044	4
3045	2
3046	1
3049	1
3051	1
3052	1
3054	1
3055	1
3056	2
3058	1
3060	2
3062	2
3063	2
3065	1
3068	1
3069	2
3072	1
3073	3
3074	1
3079	2
3081	1
3082	2
3084	1
3086	1
3088	1
3090	1
3091	1
3095	1
3097	1
3098	1
3099	1
3101	1
3104	3
3105	2
3106	1
3107	1
3108	1
3111	1
3114	2
3115	1
3117	1
3118	1
3119	1
3122	1
3124	1
3130	1
3132	1
3133	1
3135	1
3136	1
3137	1
3139	2
3140	1
3141	1
3143	1
3144	1
3145	1
3146	1
3148	1
3151	1
3156	1
3157	2
3158	1
3160	1
3163	1
3165	1
3167	1
3170	2
3171	1
3172	2
3178	1
3179	1
3181	4
3182	1
3183	1
3184	4
3185	1
3186	2
3187	1
3188	1
3189	2
3190	1
3193	3
3194	2
3195	2
3196	1
3197	1
3198	1
3199	2
3200	1
3201	1
3205	1
3207	5
3208	1
3209	1
3210	1
3212	3
3214	1
3216	1
3217	2
3218	1
3220	1
3221	1
3223	1
3228	1
3230	1
3231	1
3234	1
3235	1
3236	3
3237	1
3238	4
3242	1
3244	1
3250	1
3251	1
3253	1
3257	2
3259	1
3264	4
3265	1
3266	3
3267	1
3268	3
3269	1
3270	1
3271	3
3272	1
3273	3
3274	2
3275	1
3276	2
3277	1
3278	3
3281	2
3282	1
3283	1
3284	2
3285	2
3288	1
3290	1
3292	1
3293	1
3295	2
3297	1
3298	1
3299	2
3307	3
3310	2
3311	1
3312	1
3318	1
3320	1
3325	2
3327	1
3330	2
3334	1
3335	1
3337	1
3338	1
3339	3
3340	1
3345	2
3346	1
3348	1
3351	1
3357	2
3358	2
3360	1
3363	1
3366	1
3367	1
3368	1
3369	1
3370	1
3374	1
3379	1
3387	1
3388	1
3389	1
3390	1
3394	1
3395	1
3399	1
3400	1
3401	1
3404	2
3405	1
3406	2
3408	2
3410	1
3413	1
3418	2
3420	1
3421	2
3422	1
3424	1
3432	1
3434	1
3436	2
3440	1
3443	2
3445	1
3448	1
3451	1
3455	1
3456	1
3457	3
3465	1
3467	2
3471	1
3472	1
3476	1
3479	1
3485	1
3491	1
3492	2
3495	1
3496	1
3499	1
3501	1
3502	2
3503	1
3507	1
3508	1
3512	1
3526	1
3531	1
3537	1
3542	1
3545	1
3549	1
3567	1
3569	2
3586	1
3587	1
3604	1
3606	1
3609	1
3612	1
3613	1
3615	1
3621	1
3623	2
3634	1
3635	2
3645	1
3655	1
3657	1
3658	1
3663	1
3665	1
3666	1
3667	1
3678	1
3686	1
3692	1
3693	1
3694	2
3695	3
3696	2
3697	1
3704	1
3707	1
3709	1
3711	1
3712	2
3717	1
3720	1
3721	1
3722	1
3724	1
3725	2
3729	1
3730	2
3731	1
3733	1
3736	1
3737	2
3738	1
3739	1
3740	1
3750	3
3751	1
3753	2
3755	3
3757	1
3759	1
3761	1
3762	2
3763	1
3764	2
3765	1
3766	1
3769	1
3770	1
3772	1
3777	1
3781	1
3782	1
3783	1
3787	1
3789	1
3792	1
3797	1
3798	1
3799	3
3800	2
3803	2
3805	3
3806	1
3807	1
3813	1
3814	2
3817	2
3819	2
3825	1
3826	1
3827	1
3828	1
3829	1
3830	2
3834	1
3835	1
3837	1
3838	3
3840	2
3843	1
3849	1
3850	1
3854	2
3855	2
3856	1
3857	1
3859	1
3861	1
3864	1
3867	1
3870	1
3872	1
3873	2
3874	1
3882	1
3893	2
3896	1
3899	1
3902	2
3903	1
3907	1
3910	1
3916	1
3917	1
3919	1
3920	1
3922	1
3924	1
3925	2
3927	1
3928	1
3931	1
3934	1
3936	1
3937	2
3938	1
3942	1
3943	1
3944	1
3955	2
3957	1
3958	1
3963	1
3966	1
3972	1
3977	1
3978	1
3979	1
3980	1
3981	1
3982	1
3983	1
3995	1
3999	1
4006	1
4038	1
4042	1
4048	1
4051	1
4058	1
4064	1
4066	2
4068	1
4079	1
4082	1
4083	1
4084	1
4087	1
4091	1
4098	1
4106	1
4113	1
4122	2
4126	1
4129	1
4131	1
4140	1
4143	1
4146	1
4148	1
4163	1
4172	1
4175	1
4183	1
4184	1
4212	1
4228	1
4242	1
4289	1
4330	1
4335	1
4337	1
4342	1
4353	1
4354	1
4357	3
4358	1
4362	1
4372	1
4375	2
4381	1
4388	1
4400	1
4426	1
4427	1
4453	1
4455	1
4467	1
4470	1
4471	1
4497	1
4500	1
4501	1
4507	1
4509	1
4510	1
4518	1
4528	1
4532	1
4536	1
4542	1
4566	1
4575	1
4606	1
4620	1
4624	1
4626	1
4632	1
4640	2
4652	1
4666	1
4667	1
4671	1
4682	1
4685	2
4691	1
4692	1
4695	1
4697	1
4702	1
4705	1
4706	1
4719	1
4723	1
4736	1
4759	1
4762	1
4779	1
4787	1
4789	1
4804	1
4810	1
4823	1
4843	1
4879	2
4882	1
4893	1
4895	1
4898	1
4908	1
4912	1
4922	1
4924	1
4943	1
4944	1
4949	1
4965	1
4966	1
4968	2
5016	1
5022	1
5036	1
5060	1
5074	1
5093	2
5104	1
5107	1
5108	1
5109	1
5112	1
5121	1
5123	1
5157	1
5160	1
5161	1
5195	1
5199	1
5204	1
5207	1
5208	1
5217	1
5218	1
5225	1
5227	1
5229	1
5243	2
5250	2
5251	1
5257	1
5272	1
5288	1
5296	1
5302	1
5303	1
5305	1
5307	1
5314	2
5320	1
5326	1
5354	1
5355	1
5366	1
5374	1
5380	1
5408	1
5422	1
5430	1
5434	1
5437	1
5447	1
5450	1
5455	2
5460	1
5462	1
5470	1
5472	1
5509	1
5541	2
5546	1
5556	2
5557	1
5590	1
5595	1
5604	1
5609	1
5612	1
5616	1
5620	1
5652	1
5671	1
5681	1
5692	1
5706	2
5742	1
5765	1
5868	1
5887	1
5953	1
5977	1
5980	1
5981	1
5984	1
5989	1
5995	1
5997	1
6007	1
6020	1
6069	1
6079	1
6081	2
6098	1
6144	1
6218	1
6244	1
6394	1
6397	1
6471	1
6495	1
6556	1
6564	1
6581	1
6586	1
6593	1
6599	1
6611	1
6678	1
6690	1
6695	1
6698	1
6700	1
6717	1
6721	1
6731	1
6788	1
6939	1
6956	1
6994	1
7168	1
7286	1
7299	1
7318	1
7320	1
7323	1
7347	1
7348	1
7355	1
7374	1
7375	1
7384	1
7399	1
7402	1
7412	1
7477	1
7487	1
7490	1
7497	1
7499	1
7500	1
7505	1
7506	1
7523	2
7526	1
7542	1
7562	1
7568	1
7581	1
7630	1
7767	1
7775	1
7779	1
7831	1
7840	1
7857	1
7869	1
7896	1
8000	1
8002	1
8030	1
8034	1
8055	1
8061	1
8066	1
8072	1
8080	1
8094	1
8096	2
8099	1
8223	1
8229	3
8235	1
8261	1
8263	1
8274	1
8275	1
8496	1
8499	1
8501	1
8512	1
8519	1
8528	1
8546	1
8548	2
8559	1
8563	1
8573	1
8641	1
8644	1
8662	1
8745	1
8748	1
8749	1
8785	1
8786	1
8804	1
8806	1
8818	1
8819	1
8825	1
8829	1
8832	1
8834	1
8847	1
8854	1
8855	1
8877	1
8886	1
8890	1
8914	1
8918	1
8919	1
8938	2
8944	1
8982	1
8991	1
8999	1
9011	1
9074	1
9614	1
9918	1
9921	1
9934	1
9937	1
9939	1
9946	1
9977	1
9997	1
9998	1
10014	1
10020	1
10030	1
10070	1
10143	1
10248	1
10282	1
10323	1
10349	1
10387	1
10449	1
10528	1
10605	1
10620	1
10628	2
10698	1
10728	1
10729	1
10767	1
10771	1
10782	1
10797	1
10803	1
10818	1
10849	1
10850	1
10853	1
10857	1
10863	1
10865	1
10872	1
10873	1
10880	1
10888	1
10892	1
10893	1
10896	1
10909	1
10935	1
10942	1
10947	1
10948	1
10954	1
10955	1
10971	1
10993	1
11002	1
11026	1
11031	1
11036	1
11052	1
11062	1
11070	1
11355	1
11520	1
11538	1
11543	1
11569	1
11622	1
11644	1
11648	1
11678	1
11689	1
11790	1
12195	1
12822	1
12834	1
12835	1
12852	1
12862	1
12863	1
12865	1
12867	1
12892	1
12898	1
12932	1
12956	1
12967	1
12968	1
12969	1
12974	1
13012	1
13022	1
13032	1
13038	1
13079	1
13232	1
13242	1
13250	2
13265	1
13270	1
14320	1
18145	1
100000	2
