#Depth	Count
1	2394384118
2	351573747
3	205720360
4	142751050
5	99749454
6	69519325
7	48611393
8	34369749
9	24776823
10	18433147
11	14328760
12	11652866
13	9930408
14	8864548
15	8190214
16	7803086
17	7555337
18	7388891
19	7255705
20	7141569
21	7034336
22	6916341
23	6785257
24	6647999
25	6490219
26	6331271
27	6169672
28	5995624
29	5835843
30	5664892
31	5497344
32	5337533
33	5177404
34	5031608
35	4875948
36	4718998
37	4555575
38	4399478
39	4240544
40	4075403
41	3914608
42	3753052
43	3578499
44	3409650
45	3238880
46	3074942
47	2914159
48	2757708
49	2597651
50	2448424
51	2314655
52	2187277
53	2065952
54	1952101
55	1846517
56	1748275
57	1659848
58	1575694
59	1500008
60	1425474
61	1356296
62	1294475
63	1235757
64	1184374
65	1128959
66	1085806
67	1039629
68	996562
69	954985
70	912092
71	870433
72	834244
73	798530
74	763246
75	729895
76	698991
77	670020
78	641266
79	617201
80	591353
81	571493
82	549304
83	533090
84	514771
85	498439
86	485393
87	470357
88	458887
89	448090
90	436448
91	426606
92	417402
93	407625
94	398607
95	390327
96	383088
97	376628
98	368520
99	361632
100	353723
101	346376
102	339098
103	331358
104	323685
105	316837
106	306815
107	299329
108	289245
109	281585
110	272041
111	263470
112	255362
113	246796
114	238645
115	232089
116	223517
117	217239
118	209261
119	201525
120	194647
121	186286
122	178351
123	171911
124	165383
125	159876
126	153023
127	148854
128	142514
129	138074
130	132574
131	128815
132	123084
133	119559
134	115669
135	112349
136	108129
137	104981
138	101070
139	98082
140	95399
141	92902
142	90371
143	88977
144	86914
145	85209
146	83386
147	81270
148	79634
149	77594
150	76598
151	74769
152	73028
153	71885
154	70135
155	68722
156	67430
157	66545
158	66512
159	64801
160	63781
161	62483
162	62148
163	61303
164	61129
165	59750
166	60859
167	59890
168	59378
169	58927
170	59174
171	58230
172	58361
173	58012
174	58143
175	57732
176	57830
177	57195
178	57346
179	57329
180	57050
181	56766
182	57258
183	56759
184	57888
185	57902
186	58533
187	59089
188	58907
189	59551
190	59554
191	60126
192	60116
193	59830
194	59982
195	60191
196	60330
197	60315
198	60637
199	61133
200	61491
201	61126
202	61066
203	60129
204	59844
205	59750
206	59873
207	59713
208	59494
209	58498
210	58824
211	57757
212	56757
213	56515
214	55633
215	54861
216	54205
217	53379
218	52543
219	51703
220	50897
221	50007
222	49278
223	48544
224	47606
225	46798
226	45985
227	45152
228	44025
229	43064
230	42213
231	41574
232	40327
233	39502
234	38512
235	38058
236	36939
237	36498
238	35403
239	34933
240	33947
241	33175
242	32433
243	31507
244	30768
245	29981
246	29637
247	28698
248	27726
249	27504
250	26681
251	26396
252	25072
253	24859
254	24303
255	23351
256	22919
257	22381
258	21760
259	21300
260	20818
261	20090
262	19172
263	19128
264	18366
265	17686
266	17283
267	16560
268	15989
269	15556
270	14978
271	14429
272	13869
273	13483
274	12799
275	12403
276	11776
277	11667
278	11144
279	10879
280	10613
281	10364
282	10043
283	9843
284	9482
285	9232
286	8932
287	8785
288	8316
289	7925
290	7786
291	7691
292	7253
293	7242
294	6916
295	6636
296	6360
297	6223
298	6003
299	5894
300	5659
301	5493
302	5467
303	5487
304	5196
305	4884
306	4902
307	4636
308	4484
309	4465
310	4143
311	4182
312	3950
313	3872
314	3695
315	3703
316	3480
317	3338
318	3304
319	3185
320	3150
321	3009
322	2962
323	2793
324	2703
325	2550
326	2561
327	2466
328	2383
329	2288
330	2168
331	2113
332	2055
333	1998
334	2018
335	2058
336	1935
337	1917
338	1933
339	1856
340	1822
341	1901
342	1752
343	1782
344	1693
345	1729
346	1652
347	1595
348	1673
349	1500
350	1550
351	1510
352	1493
353	1469
354	1459
355	1336
356	1364
357	1275
358	1262
359	1229
360	1211
361	1185
362	1174
363	1126
364	1118
365	1082
366	1091
367	1054
368	1118
369	1110
370	1014
371	1037
372	959
373	997
374	1003
375	996
376	1035
377	1004
378	916
379	871
380	879
381	807
382	794
383	901
384	823
385	746
386	780
387	792
388	731
389	761
390	776
391	710
392	773
393	703
394	677
395	709
396	670
397	663
398	712
399	650
400	675
401	676
402	700
403	658
404	666
405	653
406	724
407	654
408	653
409	660
410	637
411	621
412	657
413	659
414	655
415	658
416	666
417	687
418	724
419	693
420	692
421	588
422	675
423	655
424	623
425	595
426	609
427	604
428	626
429	652
430	627
431	569
432	632
433	617
434	624
435	622
436	637
437	637
438	613
439	583
440	658
441	631
442	677
443	658
444	611
445	576
446	591
447	556
448	565
449	558
450	537
451	587
452	622
453	598
454	588
455	553
456	546
457	539
458	600
459	571
460	552
461	573
462	557
463	525
464	528
465	520
466	508
467	513
468	486
469	496
470	568
471	495
472	499
473	456
474	486
475	437
476	500
477	491
478	466
479	485
480	539
481	513
482	542
483	517
484	518
485	534
486	516
487	519
488	482
489	539
490	544
491	535
492	502
493	515
494	535
495	538
496	498
497	520
498	498
499	526
500	500
501	552
502	517
503	537
504	485
505	530
506	520
507	471
508	486
509	487
510	535
511	500
512	502
513	489
514	538
515	519
516	516
517	484
518	528
519	513
520	514
521	538
522	506
523	496
524	467
525	508
526	516
527	490
528	479
529	501
530	486
531	456
532	484
533	493
534	452
535	481
536	499
537	449
538	464
539	461
540	476
541	451
542	430
543	409
544	408
545	392
546	408
547	429
548	422
549	427
550	360
551	390
552	381
553	375
554	432
555	374
556	401
557	384
558	331
559	365
560	385
561	348
562	395
563	372
564	383
565	390
566	388
567	362
568	341
569	368
570	345
571	323
572	330
573	338
574	348
575	326
576	307
577	272
578	295
579	297
580	285
581	305
582	285
583	292
584	271
585	247
586	284
587	283
588	295
589	263
590	308
591	287
592	288
593	227
594	251
595	218
596	242
597	248
598	254
599	240
600	243
601	234
602	222
603	245
604	216
605	218
606	243
607	239
608	227
609	220
610	220
611	241
612	218
613	240
614	245
615	235
616	250
617	229
618	232
619	211
620	196
621	187
622	221
623	232
624	195
625	174
626	188
627	185
628	201
629	158
630	210
631	155
632	182
633	151
634	187
635	178
636	147
637	134
638	184
639	190
640	185
641	175
642	178
643	188
644	202
645	168
646	179
647	176
648	150
649	172
650	185
651	178
652	154
653	178
654	147
655	166
656	161
657	129
658	160
659	145
660	154
661	157
662	151
663	142
664	157
665	129
666	161
667	158
668	125
669	139
670	150
671	136
672	147
673	145
674	133
675	144
676	172
677	123
678	130
679	117
680	116
681	137
682	121
683	147
684	128
685	130
686	108
687	120
688	119
689	123
690	123
691	131
692	157
693	154
694	155
695	141
696	134
697	126
698	128
699	136
700	136
701	145
702	134
703	134
704	144
705	136
706	128
707	122
708	136
709	123
710	118
711	136
712	142
713	123
714	112
715	160
716	138
717	130
718	135
719	138
720	139
721	115
722	114
723	115
724	123
725	137
726	115
727	135
728	123
729	95
730	115
731	95
732	129
733	99
734	122
735	124
736	123
737	102
738	97
739	117
740	108
741	91
742	126
743	111
744	116
745	91
746	112
747	89
748	97
749	94
750	96
751	111
752	100
753	88
754	99
755	102
756	101
757	107
758	95
759	102
760	103
761	88
762	96
763	77
764	87
765	122
766	72
767	92
768	89
769	107
770	83
771	92
772	91
773	91
774	95
775	99
776	90
777	94
778	109
779	107
780	101
781	102
782	100
783	90
784	110
785	108
786	112
787	105
788	104
789	109
790	109
791	99
792	100
793	92
794	116
795	98
796	111
797	84
798	83
799	87
800	99
801	71
802	102
803	95
804	99
805	85
806	85
807	75
808	76
809	100
810	77
811	78
812	75
813	62
814	81
815	74
816	66
817	66
818	75
819	67
820	53
821	62
822	65
823	77
824	76
825	64
826	58
827	73
828	66
829	66
830	71
831	75
832	55
833	62
834	62
835	48
836	59
837	67
838	67
839	65
840	61
841	77
842	65
843	67
844	66
845	65
846	59
847	60
848	64
849	52
850	49
851	49
852	65
853	70
854	65
855	74
856	57
857	57
858	54
859	66
860	67
861	51
862	50
863	68
864	49
865	58
866	50
867	58
868	46
869	68
870	58
871	65
872	56
873	59
874	48
875	53
876	58
877	62
878	59
879	47
880	52
881	45
882	47
883	46
884	49
885	48
886	39
887	50
888	50
889	45
890	50
891	39
892	36
893	62
894	39
895	70
896	54
897	47
898	46
899	52
900	42
901	40
902	39
903	50
904	38
905	39
906	37
907	45
908	38
909	53
910	49
911	52
912	63
913	67
914	50
915	78
916	55
917	63
918	77
919	58
920	73
921	66
922	69
923	65
924	76
925	61
926	72
927	60
928	91
929	67
930	73
931	73
932	74
933	64
934	68
935	62
936	65
937	57
938	61
939	56
940	58
941	64
942	52
943	58
944	61
945	51
946	60
947	60
948	57
949	50
950	65
951	48
952	48
953	66
954	42
955	52
956	58
957	68
958	50
959	55
960	69
961	48
962	60
963	54
964	51
965	56
966	62
967	52
968	55
969	45
970	52
971	40
972	50
973	43
974	48
975	53
976	48
977	47
978	47
979	44
980	52
981	56
982	46
983	43
984	36
985	54
986	50
987	50
988	62
989	55
990	56
991	43
992	49
993	40
994	55
995	60
996	61
997	57
998	42
999	46
1000	44
1001	46
1002	47
1003	60
1004	49
1005	49
1006	45
1007	53
1008	52
1009	46
1010	45
1011	37
1012	47
1013	39
1014	40
1015	46
1016	53
1017	42
1018	30
1019	44
1020	45
1021	47
1022	42
1023	22
1024	34
1025	46
1026	43
1027	48
1028	44
1029	55
1030	47
1031	48
1032	41
1033	37
1034	48
1035	45
1036	56
1037	47
1038	54
1039	51
1040	52
1041	30
1042	46
1043	50
1044	35
1045	41
1046	31
1047	39
1048	44
1049	31
1050	32
1051	37
1052	30
1053	41
1054	40
1055	29
1056	38
1057	38
1058	34
1059	37
1060	39
1061	37
1062	38
1063	44
1064	41
1065	41
1066	44
1067	40
1068	38
1069	54
1070	34
1071	41
1072	33
1073	43
1074	42
1075	30
1076	36
1077	35
1078	39
1079	31
1080	34
1081	28
1082	27
1083	22
1084	21
1085	29
1086	35
1087	35
1088	21
1089	35
1090	39
1091	23
1092	22
1093	26
1094	32
1095	21
1096	29
1097	36
1098	26
1099	22
1100	24
1101	36
1102	24
1103	23
1104	26
1105	33
1106	31
1107	22
1108	19
1109	20
1110	18
1111	26
1112	26
1113	26
1114	31
1115	22
1116	22
1117	36
1118	30
1119	25
1120	20
1121	27
1122	30
1123	27
1124	31
1125	28
1126	30
1127	30
1128	31
1129	29
1130	40
1131	22
1132	36
1133	23
1134	23
1135	25
1136	31
1137	39
1138	29
1139	31
1140	26
1141	25
1142	27
1143	25
1144	27
1145	28
1146	31
1147	30
1148	35
1149	32
1150	27
1151	27
1152	26
1153	27
1154	33
1155	27
1156	22
1157	27
1158	29
1159	26
1160	24
1161	21
1162	17
1163	23
1164	11
1165	20
1166	26
1167	20
1168	32
1169	30
1170	31
1171	13
1172	22
1173	17
1174	16
1175	17
1176	23
1177	26
1178	25
1179	18
1180	16
1181	21
1182	18
1183	19
1184	27
1185	26
1186	20
1187	11
1188	25
1189	24
1190	17
1191	19
1192	21
1193	20
1194	16
1195	13
1196	16
1197	12
1198	13
1199	14
1200	22
1201	17
1202	20
1203	18
1204	20
1205	17
1206	14
1207	13
1208	16
1209	15
1210	22
1211	21
1212	19
1213	19
1214	20
1215	20
1216	17
1217	22
1218	21
1219	18
1220	18
1221	27
1222	17
1223	11
1224	12
1225	12
1226	17
1227	13
1228	19
1229	19
1230	15
1231	17
1232	14
1233	16
1234	12
1235	17
1236	12
1237	13
1238	12
1239	14
1240	10
1241	11
1242	8
1243	19
1244	13
1245	14
1246	14
1247	15
1248	15
1249	19
1250	16
1251	12
1252	17
1253	22
1254	19
1255	13
1256	17
1257	16
1258	11
1259	14
1260	15
1261	18
1262	15
1263	12
1264	12
1265	15
1266	11
1267	10
1268	15
1269	16
1270	17
1271	16
1272	15
1273	26
1274	17
1275	11
1276	18
1277	19
1278	21
1279	21
1280	17
1281	24
1282	17
1283	18
1284	20
1285	17
1286	22
1287	21
1288	18
1289	15
1290	11
1291	19
1292	26
1293	14
1294	22
1295	20
1296	29
1297	16
1298	22
1299	18
1300	18
1301	18
1302	29
1303	20
1304	23
1305	24
1306	14
1307	24
1308	14
1309	14
1310	16
1311	21
1312	15
1313	15
1314	18
1315	18
1316	13
1317	9
1318	13
1319	9
1320	23
1321	17
1322	16
1323	23
1324	13
1325	23
1326	19
1327	15
1328	20
1329	25
1330	16
1331	17
1332	16
1333	16
1334	14
1335	16
1336	12
1337	18
1338	23
1339	18
1340	12
1341	16
1342	8
1343	14
1344	13
1345	14
1346	10
1347	17
1348	13
1349	15
1350	8
1351	18
1352	7
1353	17
1354	11
1355	9
1356	12
1357	14
1358	6
1359	12
1360	6
1361	8
1362	17
1363	6
1364	6
1365	11
1366	7
1367	8
1368	7
1369	7
1370	6
1371	6
1372	10
1373	6
1374	5
1375	12
1376	11
1377	9
1378	9
1379	8
1380	7
1381	7
1382	7
1383	10
1384	7
1385	5
1386	10
1387	2
1388	8
1389	5
1390	4
1391	9
1392	8
1393	3
1394	5
1395	15
1396	9
1397	9
1398	5
1399	12
1400	13
1401	17
1402	15
1403	14
1404	10
1405	16
1406	14
1407	17
1408	11
1409	15
1410	14
1411	17
1412	12
1413	20
1414	18
1415	15
1416	17
1417	10
1418	20
1419	14
1420	15
1421	8
1422	5
1423	13
1424	8
1425	11
1426	12
1427	13
1428	6
1429	9
1430	7
1431	7
1432	6
1433	6
1434	11
1435	14
1436	5
1437	2
1438	4
1439	9
1440	4
1441	5
1442	8
1443	3
1444	6
1445	7
1446	5
1447	5
1448	7
1449	8
1450	8
1451	12
1452	8
1453	1
1454	6
1455	2
1456	8
1457	9
1458	7
1459	4
1460	5
1461	4
1462	7
1463	4
1464	6
1465	4
1466	4
1467	9
1468	3
1469	7
1470	11
1471	10
1472	8
1473	5
1474	4
1475	14
1476	6
1477	10
1478	10
1479	11
1480	4
1481	13
1482	14
1483	13
1484	2
1485	1
1486	10
1487	5
1488	9
1489	6
1490	1
1491	7
1492	8
1493	9
1494	3
1495	7
1496	5
1497	7
1498	5
1499	6
1500	7
1501	1
1502	6
1503	4
1504	6
1505	5
1506	6
1507	10
1508	5
1509	11
1510	7
1511	15
1512	4
1513	5
1514	10
1515	6
1516	3
1517	9
1518	4
1519	6
1520	7
1521	8
1522	10
1523	3
1524	7
1525	9
1526	8
1527	5
1528	3
1529	5
1530	4
1531	3
1532	5
1533	5
1534	10
1535	5
1536	7
1537	4
1538	10
1539	5
1540	11
1541	14
1542	6
1543	7
1544	5
1545	8
1546	8
1547	7
1548	4
1549	7
1550	8
1551	7
1552	9
1553	4
1554	3
1555	7
1556	4
1557	5
1558	10
1559	5
1560	6
1561	3
1562	2
1563	4
1564	7
1565	7
1566	4
1567	7
1568	6
1569	7
1570	4
1571	9
1572	8
1573	3
1574	6
1575	9
1576	8
1577	8
1578	8
1579	7
1580	5
1581	10
1582	6
1583	3
1584	12
1585	12
1586	9
1587	8
1588	8
1589	12
1590	5
1591	4
1592	4
1593	6
1594	2
1595	10
1596	9
1597	7
1598	5
1599	8
1600	10
1601	6
1602	6
1603	3
1604	9
1605	5
1606	10
1607	10
1608	6
1609	4
1610	16
1611	6
1612	9
1613	9
1614	9
1615	9
1616	3
1617	7
1618	12
1619	10
1620	9
1621	8
1622	7
1623	4
1624	5
1625	7
1626	15
1627	4
1628	5
1629	2
1630	5
1631	4
1632	9
1633	7
1634	12
1635	9
1636	5
1637	3
1638	9
1639	6
1640	11
1641	2
1642	3
1643	2
1644	3
1645	3
1646	6
1647	8
1648	4
1649	5
1650	3
1651	6
1652	8
1653	4
1654	4
1655	5
1656	3
1657	3
1658	8
1659	7
1660	5
1661	3
1662	6
1663	3
1664	4
1665	1
1667	3
1668	5
1669	3
1670	2
1671	4
1672	5
1673	3
1674	4
1676	3
1677	4
1678	5
1679	8
1680	3
1681	10
1682	3
1683	6
1684	6
1685	5
1686	6
1687	7
1688	5
1689	6
1690	1
1691	5
1692	5
1693	3
1694	5
1695	7
1696	2
1697	2
1698	2
1699	5
1700	10
1701	6
1702	8
1703	7
1704	1
1705	3
1706	6
1707	4
1708	6
1709	4
1710	2
1711	4
1712	4
1713	3
1714	5
1715	4
1716	4
1717	4
1718	4
1719	3
1720	8
1721	7
1722	5
1723	2
1724	5
1725	3
1726	4
1727	4
1728	4
1729	8
1730	7
1731	9
1732	7
1733	6
1734	7
1735	8
1736	7
1737	7
1738	3
1739	3
1740	3
1741	6
1742	2
1743	7
1744	4
1745	5
1746	3
1747	4
1748	6
1749	8
1750	2
1751	7
1752	4
1753	10
1754	4
1755	6
1756	8
1757	18
1758	12
1759	6
1760	8
1761	9
1762	15
1763	7
1764	11
1765	4
1766	7
1767	9
1768	9
1769	8
1770	8
1771	13
1772	10
1773	8
1774	10
1775	10
1776	7
1777	9
1778	12
1779	13
1780	9
1781	8
1782	6
1783	2
1784	4
1785	6
1786	9
1787	6
1788	8
1789	7
1790	8
1791	3
1792	6
1793	4
1794	5
1795	11
1796	6
1797	6
1798	10
1799	5
1800	5
1801	4
1802	9
1803	7
1804	7
1805	6
1806	8
1807	7
1808	6
1809	5
1810	9
1811	8
1812	8
1813	4
1814	7
1815	2
1816	7
1817	6
1818	5
1819	5
1820	3
1821	1
1822	4
1823	7
1824	7
1825	3
1826	3
1827	11
1828	7
1829	3
1830	8
1831	2
1832	5
1833	6
1834	8
1835	4
1836	6
1837	5
1838	5
1839	1
1840	5
1841	11
1842	5
1843	1
1844	4
1845	2
1846	8
1847	4
1848	3
1849	3
1850	5
1851	2
1852	5
1853	7
1854	3
1855	6
1856	5
1857	7
1858	5
1859	1
1860	1
1861	7
1862	3
1863	3
1864	1
1865	3
1866	4
1867	3
1868	6
1869	3
1871	2
1872	2
1873	2
1874	1
1875	8
1876	7
1877	2
1878	3
1879	8
1880	5
1881	3
1882	2
1883	4
1884	2
1885	3
1886	4
1887	6
1888	5
1889	4
1890	5
1891	2
1892	3
1894	5
1895	5
1896	3
1897	3
1898	4
1899	7
1900	5
1901	5
1902	4
1903	5
1904	7
1905	6
1906	6
1907	5
1908	2
1909	8
1910	5
1911	4
1912	2
1913	7
1914	4
1915	6
1916	4
1917	3
1918	3
1919	7
1920	4
1921	4
1922	2
1923	3
1924	9
1925	7
1926	5
1927	12
1928	6
1929	6
1930	3
1931	6
1932	6
1933	3
1934	7
1935	3
1936	10
1937	2
1938	3
1939	3
1940	2
1941	6
1942	6
1943	2
1944	3
1945	9
1946	3
1947	4
1948	6
1949	4
1950	2
1951	8
1952	3
1953	1
1954	3
1955	4
1956	3
1957	5
1958	5
1959	5
1960	3
1961	2
1962	4
1963	6
1964	5
1965	5
1966	5
1967	7
1968	4
1969	6
1970	5
1971	9
1972	2
1973	6
1974	5
1975	5
1976	7
1977	6
1978	4
1979	3
1980	7
1981	6
1982	3
1983	8
1984	1
1985	4
1986	5
1987	3
1988	5
1989	4
1990	1
1991	2
1992	1
1993	4
1994	8
1995	6
1996	4
1997	6
1998	4
1999	7
2000	6
2001	6
2002	3
2003	9
2004	3
2005	6
2006	3
2007	4
2008	4
2009	5
2010	2
2011	2
2012	5
2013	7
2014	3
2015	3
2017	4
2018	3
2019	3
2020	8
2021	2
2022	4
2023	3
2024	6
2025	2
2026	7
2027	7
2028	6
2029	1
2030	6
2031	8
2032	5
2033	7
2034	3
2035	6
2036	5
2037	9
2038	5
2039	11
2040	2
2041	9
2042	2
2043	1
2044	4
2045	4
2046	3
2047	9
2048	1
2049	1
2050	3
2051	2
2052	3
2053	5
2054	5
2055	3
2056	4
2057	1
2058	2
2059	4
2060	5
2061	2
2062	3
2065	2
2066	2
2067	2
2068	5
2069	1
2070	5
2071	3
2072	2
2073	2
2074	1
2075	2
2077	4
2078	2
2079	1
2080	7
2081	1
2082	3
2083	2
2084	4
2085	4
2086	2
2087	6
2088	6
2089	3
2090	2
2091	5
2092	6
2093	6
2094	4
2095	2
2096	3
2097	6
2098	3
2099	3
2100	7
2101	5
2102	2
2103	4
2104	6
2105	1
2106	4
2107	2
2108	3
2109	5
2110	4
2111	2
2112	4
2113	4
2114	6
2115	6
2116	2
2117	4
2118	2
2119	3
2120	1
2121	7
2122	4
2123	3
2124	5
2125	3
2126	2
2127	4
2128	1
2129	6
2130	2
2131	4
2132	5
2133	5
2134	7
2135	4
2136	2
2137	4
2138	2
2139	3
2140	3
2141	3
2142	4
2143	8
2144	5
2145	3
2146	5
2147	5
2148	5
2149	4
2150	5
2151	5
2152	3
2153	3
2154	5
2155	10
2156	8
2157	6
2158	6
2159	1
2160	5
2162	2
2163	5
2164	5
2165	7
2166	2
2167	1
2168	3
2169	3
2170	5
2172	2
2173	2
2174	2
2175	3
2176	3
2177	2
2178	2
2179	3
2180	1
2181	6
2182	3
2183	3
2184	5
2185	6
2186	7
2187	4
2188	4
2189	3
2190	2
2191	2
2192	1
2193	4
2194	1
2195	1
2196	3
2197	3
2198	3
2199	3
2200	2
2201	4
2202	3
2203	4
2204	3
2205	3
2206	6
2207	4
2208	1
2209	5
2210	5
2211	2
2212	1
2213	4
2214	1
2215	9
2216	6
2217	2
2218	4
2219	6
2220	2
2221	4
2222	5
2223	4
2224	5
2225	2
2226	5
2227	3
2228	3
2229	2
2230	2
2231	1
2232	6
2234	2
2235	5
2236	6
2237	4
2238	2
2239	4
2240	3
2241	4
2242	1
2243	1
2244	3
2245	2
2246	2
2247	6
2248	3
2249	2
2250	2
2251	4
2252	4
2253	2
2254	5
2255	4
2256	4
2257	3
2258	1
2260	3
2261	4
2262	3
2263	4
2264	3
2265	3
2266	4
2267	1
2268	4
2269	3
2270	5
2271	2
2272	6
2273	2
2274	4
2275	8
2276	3
2277	5
2278	7
2279	2
2280	4
2281	9
2282	5
2283	4
2284	8
2285	6
2286	6
2287	3
2288	6
2289	1
2290	2
2291	4
2292	2
2293	7
2294	3
2295	5
2296	5
2297	1
2298	4
2299	1
2300	2
2301	4
2302	3
2303	3
2304	2
2305	5
2306	4
2307	1
2308	4
2309	2
2310	3
2311	3
2312	2
2313	3
2314	2
2315	4
2316	3
2317	2
2318	1
2319	4
2320	2
2321	2
2322	1
2323	4
2324	1
2326	4
2327	2
2328	1
2329	6
2330	1
2331	4
2332	4
2333	4
2334	6
2335	4
2336	1
2337	4
2338	3
2339	2
2340	2
2341	3
2342	3
2343	3
2344	1
2345	1
2346	2
2348	3
2349	1
2350	2
2352	1
2353	3
2355	6
2356	5
2357	1
2358	1
2359	8
2360	1
2361	4
2362	4
2363	5
2364	2
2365	2
2366	7
2367	5
2368	2
2369	1
2370	2
2371	4
2372	1
2373	5
2374	3
2375	5
2376	3
2377	1
2378	4
2379	4
2380	3
2382	4
2384	3
2385	4
2387	5
2388	3
2389	4
2390	1
2391	2
2392	5
2394	3
2395	2
2396	2
2397	2
2400	4
2401	3
2402	1
2403	2
2404	4
2405	6
2406	3
2407	2
2408	2
2409	2
2410	4
2411	5
2412	1
2413	2
2414	2
2415	1
2416	2
2418	2
2419	4
2420	4
2421	3
2422	1
2423	5
2424	3
2425	3
2426	3
2427	5
2428	5
2429	1
2430	4
2432	3
2433	4
2434	8
2435	6
2436	4
2437	3
2438	3
2439	2
2440	6
2441	5
2442	3
2443	3
2444	2
2445	6
2447	2
2448	7
2450	1
2451	2
2452	4
2453	6
2454	2
2455	5
2456	3
2457	2
2459	2
2460	5
2461	3
2462	2
2463	4
2465	3
2466	1
2467	2
2468	5
2469	4
2470	1
2471	4
2472	2
2473	2
2474	2
2475	2
2476	1
2477	6
2478	4
2479	1
2480	5
2481	4
2482	3
2483	5
2484	2
2485	4
2486	5
2487	6
2488	4
2489	6
2490	2
2491	1
2492	2
2493	1
2494	4
2495	4
2496	1
2497	2
2498	4
2499	3
2501	3
2502	2
2503	1
2504	2
2506	4
2508	2
2509	2
2510	1
2511	4
2512	4
2513	1
2514	2
2515	1
2516	2
2517	2
2518	2
2519	1
2520	4
2521	2
2522	1
2523	1
2524	2
2525	3
2526	4
2527	2
2528	1
2530	2
2532	1
2533	1
2534	2
2535	1
2536	1
2538	1
2539	5
2540	6
2541	3
2542	1
2543	4
2544	5
2545	1
2546	4
2547	5
2548	5
2549	3
2550	6
2551	1
2552	3
2553	4
2554	2
2555	2
2557	5
2558	2
2559	2
2560	1
2561	1
2562	2
2563	2
2564	4
2565	4
2566	3
2568	5
2569	6
2570	4
2571	1
2572	1
2574	4
2575	6
2576	3
2577	4
2578	4
2579	8
2580	4
2581	4
2583	4
2584	2
2585	5
2586	4
2587	4
2588	3
2589	4
2590	5
2591	5
2592	6
2593	3
2594	2
2595	2
2596	8
2598	1
2599	1
2600	2
2602	3
2603	2
2604	4
2605	2
2606	1
2607	2
2608	1
2609	3
2610	2
2611	3
2612	1
2613	7
2615	3
2616	2
2617	5
2618	1
2619	3
2620	3
2621	2
2622	4
2623	4
2624	5
2625	2
2626	5
2628	4
2629	2
2630	1
2631	3
2632	2
2633	1
2634	5
2635	7
2636	3
2637	1
2639	7
2640	6
2641	4
2642	3
2644	4
2645	1
2646	4
2647	1
2648	7
2649	3
2650	4
2651	2
2652	3
2653	2
2654	4
2655	3
2656	2
2657	1
2658	3
2659	1
2660	5
2661	2
2662	2
2663	4
2664	5
2665	3
2666	3
2667	5
2668	3
2669	4
2670	1
2671	4
2672	6
2673	5
2674	3
2675	2
2676	6
2677	2
2678	1
2679	4
2680	7
2681	3
2682	3
2683	6
2684	2
2685	1
2686	2
2687	3
2688	1
2689	3
2691	3
2692	3
2693	3
2694	3
2695	3
2696	3
2697	7
2698	1
2699	2
2701	1
2702	3
2703	4
2704	5
2705	5
2706	2
2707	3
2708	2
2710	3
2712	5
2714	3
2715	2
2716	2
2718	2
2720	1
2721	1
2722	5
2723	2
2724	1
2725	1
2726	1
2727	3
2729	3
2730	1
2731	1
2733	1
2734	1
2735	1
2736	1
2737	4
2738	1
2740	4
2743	3
2744	2
2745	2
2746	2
2747	2
2748	3
2749	5
2750	1
2751	4
2753	2
2754	3
2755	2
2756	3
2757	1
2758	1
2759	1
2760	2
2761	3
2762	1
2763	4
2764	3
2765	5
2766	1
2767	2
2768	6
2769	1
2770	3
2771	2
2772	2
2773	2
2774	2
2775	5
2777	2
2778	4
2779	1
2780	3
2781	2
2782	1
2783	1
2784	2
2785	4
2787	2
2788	3
2789	3
2790	2
2791	5
2793	1
2794	1
2796	2
2797	1
2798	2
2799	1
2800	2
2801	4
2802	2
2803	2
2804	2
2806	2
2807	3
2808	2
2810	1
2811	5
2812	2
2813	4
2814	5
2815	1
2816	2
2818	1
2819	2
2820	2
2821	3
2822	1
2823	1
2824	2
2825	1
2827	3
2828	4
2829	5
2830	1
2831	1
2832	1
2833	2
2834	3
2835	1
2836	2
2837	3
2838	2
2839	1
2840	1
2841	2
2843	2
2844	5
2845	3
2846	3
2847	3
2849	3
2850	3
2851	2
2853	4
2854	4
2855	2
2856	2
2857	2
2858	6
2859	2
2860	3
2861	2
2862	1
2863	4
2866	1
2867	1
2868	2
2869	3
2871	1
2872	1
2874	2
2875	1
2876	1
2877	1
2878	2
2879	1
2880	1
2881	1
2882	1
2883	1
2884	2
2885	3
2886	2
2887	2
2888	2
2889	2
2891	1
2893	1
2895	1
2898	4
2899	3
2900	3
2901	2
2902	1
2904	1
2905	2
2906	2
2908	3
2909	1
2910	2
2911	4
2912	4
2913	1
2914	1
2915	3
2916	2
2917	1
2918	3
2919	1
2920	1
2922	1
2924	1
2926	1
2927	2
2928	1
2929	2
2932	1
2934	2
2937	2
2938	3
2939	3
2941	1
2942	2
2943	1
2946	1
2947	4
2948	3
2949	2
2950	2
2952	1
2953	1
2955	3
2956	1
2958	2
2962	1
2964	1
2966	3
2970	2
2971	3
2972	3
2973	2
2974	1
2975	1
2976	2
2977	2
2978	1
2980	1
2982	2
2984	1
2985	2
2986	1
2987	4
2988	2
2990	2
2993	3
2994	2
2995	3
2996	2
2997	2
2998	2
2999	2
3000	2
3001	1
3002	2
3003	4
3004	1
3005	3
3006	3
3007	4
3008	1
3009	5
3010	2
3011	1
3012	1
3013	3
3015	2
3016	1
3018	1
3019	2
3020	2
3021	1
3022	2
3023	2
3024	3
3025	2
3026	2
3027	2
3028	2
3029	1
3030	1
3031	4
3032	1
3033	1
3034	1
3035	1
3037	2
3038	3
3040	2
3041	1
3043	4
3044	4
3046	2
3047	3
3048	1
3050	1
3051	1
3052	2
3053	1
3054	2
3055	1
3056	2
3057	2
3059	4
3060	2
3061	3
3062	1
3063	1
3064	1
3065	3
3066	2
3067	4
3068	3
3070	2
3071	4
3072	1
3073	2
3074	2
3075	3
3077	1
3078	3
3080	2
3081	1
3082	2
3083	3
3084	2
3085	1
3086	2
3087	2
3088	1
3089	3
3092	2
3093	1
3096	4
3097	2
3098	2
3099	2
3101	2
3102	4
3103	2
3104	3
3105	2
3106	5
3107	3
3108	3
3109	1
3110	1
3111	1
3112	1
3113	1
3114	1
3115	1
3116	1
3117	1
3118	2
3119	1
3120	1
3121	4
3122	2
3123	2
3124	2
3125	3
3128	2
3129	3
3130	1
3131	2
3132	2
3133	4
3135	2
3136	2
3137	2
3138	2
3139	1
3140	3
3142	1
3144	1
3145	2
3146	3
3147	3
3149	2
3150	1
3151	2
3154	1
3156	2
3157	1
3158	2
3159	1
3162	2
3163	1
3164	1
3165	3
3166	4
3167	1
3168	1
3170	4
3171	3
3173	1
3174	3
3175	3
3176	2
3177	1
3178	3
3180	3
3181	4
3182	1
3183	2
3185	1
3186	1
3187	2
3188	1
3190	2
3191	2
3192	2
3193	3
3194	2
3196	4
3197	1
3198	1
3199	3
3200	2
3201	1
3202	1
3203	2
3204	1
3205	4
3206	4
3207	1
3208	2
3209	3
3211	2
3212	2
3213	4
3214	2
3217	3
3218	1
3219	1
3220	1
3221	1
3222	1
3223	3
3224	6
3225	3
3226	3
3227	2
3228	3
3229	3
3230	1
3231	4
3232	1
3233	3
3234	3
3235	3
3236	1
3237	1
3238	1
3239	2
3240	3
3241	1
3243	3
3244	5
3245	2
3246	3
3247	2
3248	2
3249	1
3250	4
3252	2
3253	3
3254	1
3255	1
3256	2
3257	1
3258	1
3259	4
3260	4
3261	3
3262	1
3263	1
3265	2
3267	3
3269	3
3270	2
3271	2
3272	2
3274	1
3275	1
3276	2
3277	2
3278	2
3279	2
3280	2
3281	5
3282	1
3283	1
3284	1
3285	4
3286	3
3287	1
3289	4
3290	7
3291	1
3292	3
3293	1
3294	2
3295	1
3296	3
3297	2
3298	10
3299	4
3300	2
3303	3
3304	3
3305	2
3307	3
3308	4
3309	1
3310	1
3311	3
3312	3
3313	1
3314	3
3315	1
3316	2
3317	2
3319	3
3320	3
3321	1
3322	2
3323	2
3324	1
3325	2
3326	2
3327	4
3328	2
3329	1
3330	1
3331	3
3332	2
3334	2
3335	1
3336	1
3338	1
3340	3
3341	4
3342	1
3344	1
3348	1
3349	1
3350	1
3352	1
3353	2
3355	2
3357	3
3358	2
3360	1
3361	1
3362	1
3363	2
3364	3
3365	2
3366	3
3367	1
3368	2
3369	1
3370	1
3371	1
3372	1
3373	2
3375	4
3376	1
3378	1
3379	2
3380	2
3381	2
3382	2
3383	1
3384	1
3386	2
3387	2
3388	1
3389	4
3391	2
3396	1
3398	2
3399	2
3400	3
3401	1
3402	1
3403	2
3405	1
3406	2
3407	1
3409	3
3410	2
3411	1
3412	1
3415	2
3416	1
3418	1
3419	1
3420	2
3421	1
3423	1
3424	1
3427	1
3429	1
3432	1
3434	2
3438	1
3439	3
3440	2
3442	1
3445	1
3448	2
3453	3
3454	1
3458	1
3459	1
3460	1
3462	2
3465	1
3466	1
3467	3
3468	1
3469	1
3474	1
3477	1
3479	1
3481	1
3482	1
3483	2
3484	1
3485	2
3486	1
3487	1
3489	2
3491	1
3492	1
3496	1
3497	1
3499	1
3500	1
3503	1
3509	1
3511	1
3516	2
3517	1
3519	1
3521	1
3522	1
3524	2
3525	1
3526	1
3529	1
3530	1
3531	1
3532	2
3533	2
3538	1
3541	1
3542	2
3543	1
3544	2
3546	3
3548	2
3551	1
3552	2
3553	1
3554	1
3555	1
3557	3
3558	1
3560	4
3561	2
3563	1
3564	1
3565	1
3567	1
3568	2
3570	2
3571	1
3572	1
3573	2
3574	6
3575	2
3576	1
3577	3
3578	2
3579	1
3580	2
3583	1
3585	1
3587	1
3588	1
3589	2
3590	3
3591	2
3594	2
3595	3
3596	2
3597	1
3599	4
3600	4
3601	1
3602	3
3603	2
3604	2
3605	1
3606	1
3607	5
3608	2
3609	3
3611	2
3612	3
3613	2
3614	1
3617	5
3619	2
3620	2
3621	2
3623	3
3624	1
3625	1
3626	2
3627	2
3629	1
3630	1
3631	1
3632	2
3633	1
3635	3
3636	1
3637	1
3639	1
3640	2
3641	2
3642	3
3643	1
3644	1
3645	2
3646	4
3647	2
3649	4
3650	1
3653	1
3654	1
3657	2
3658	3
3659	1
3662	1
3665	1
3668	1
3669	1
3672	4
3674	1
3675	1
3678	1
3679	2
3680	1
3682	1
3685	1
3687	1
3693	2
3694	1
3695	1
3699	1
3701	1
3703	1
3705	1
3706	1
3707	3
3708	1
3711	1
3712	1
3713	1
3718	1
3721	1
3722	1
3723	1
3725	1
3729	3
3732	1
3733	3
3734	2
3735	2
3736	1
3737	2
3738	1
3740	1
3741	2
3742	1
3743	1
3744	2
3745	2
3746	3
3747	2
3748	2
3749	1
3750	2
3751	1
3752	1
3753	1
3754	1
3755	1
3756	1
3757	4
3758	1
3760	2
3763	1
3764	2
3765	3
3766	3
3770	2
3771	2
3772	1
3774	3
3775	2
3776	1
3777	1
3778	2
3781	1
3782	1
3784	1
3785	1
3786	3
3788	2
3789	1
3790	1
3791	3
3792	1
3793	2
3794	2
3795	2
3797	1
3798	2
3799	3
3800	1
3801	2
3802	1
3803	1
3804	1
3805	2
3806	1
3808	1
3809	2
3810	2
3811	1
3812	1
3813	1
3814	1
3815	1
3816	1
3821	1
3822	2
3824	2
3826	1
3827	1
3828	1
3830	4
3835	2
3836	1
3838	1
3841	2
3843	1
3847	2
3848	3
3849	2
3850	1
3855	1
3856	1
3857	3
3858	1
3862	1
3863	1
3865	2
3866	2
3868	1
3869	2
3870	3
3871	1
3873	3
3874	1
3875	1
3876	1
3877	2
3878	2
3880	1
3881	3
3882	2
3884	1
3888	2
3891	1
3892	1
3893	1
3895	1
3898	1
3899	1
3901	1
3902	2
3905	2
3907	1
3908	1
3909	1
3910	1
3911	1
3913	1
3915	1
3916	2
3917	2
3921	1
3925	1
3926	1
3927	1
3929	3
3932	2
3933	1
3934	2
3936	1
3939	1
3941	1
3942	1
3944	1
3945	2
3947	1
3950	1
3952	1
3953	2
3954	1
3958	1
3966	1
3970	2
3978	1
3981	1
3983	1
3986	1
3987	1
3988	1
3994	1
3997	1
3998	2
3999	1
4002	1
4003	1
4004	3
4007	2
4009	2
4011	2
4014	2
4015	1
4017	2
4018	1
4019	1
4021	1
4023	1
4024	1
4027	1
4031	2
4034	2
4035	1
4038	3
4039	1
4040	1
4042	1
4045	1
4047	1
4050	1
4051	1
4052	2
4056	1
4057	1
4059	2
4060	1
4064	2
4065	1
4066	2
4068	2
4069	1
4070	3
4071	2
4072	1
4074	1
4075	2
4077	1
4079	2
4080	2
4082	3
4085	1
4090	1
4093	2
4094	2
4096	2
4097	1
4098	1
4099	1
4102	1
4103	2
4104	2
4106	1
4108	1
4109	1
4110	2
4113	1
4115	1
4116	2
4117	1
4118	1
4119	1
4120	1
4121	2
4126	1
4127	1
4130	1
4132	1
4133	2
4134	1
4137	3
4141	2
4142	1
4143	2
4144	1
4145	1
4152	1
4155	2
4157	3
4161	2
4162	1
4164	1
4167	3
4175	1
4177	1
4179	2
4181	3
4182	2
4190	1
4196	1
4197	1
4199	1
4206	2
4209	2
4211	1
4212	1
4213	1
4219	1
4225	1
4230	1
4231	1
4233	1
4235	1
4237	2
4238	1
4239	1
4241	1
4243	3
4246	1
4247	1
4251	1
4252	3
4254	2
4257	1
4261	1
4263	1
4266	4
4268	1
4269	2
4271	1
4272	2
4273	1
4274	1
4275	3
4280	2
4283	1
4288	1
4290	1
4293	1
4295	2
4297	1
4304	2
4306	1
4307	2
4309	1
4317	2
4319	1
4325	1
4327	1
4329	1
4331	1
4333	1
4338	1
4339	1
4343	1
4344	2
4346	2
4347	1
4349	1
4361	1
4362	1
4367	1
4368	1
4372	1
4386	1
4388	1
4391	1
4397	1
4401	2
4406	2
4417	1
4418	1
4421	1
4429	1
4431	1
4433	1
4434	2
4438	1
4441	2
4443	1
4447	1
4452	3
4454	2
4455	1
4457	1
4459	1
4460	1
4461	1
4462	1
4466	1
4468	1
4469	1
4474	2
4482	2
4483	1
4485	1
4488	2
4489	1
4490	2
4491	2
4496	1
4498	1
4500	3
4505	1
4508	1
4515	3
4525	1
4536	1
4537	1
4539	1
4553	1
4556	1
4565	1
4566	1
4578	1
4588	1
4590	1
4594	1
4599	1
4600	1
4606	1
4610	1
4615	2
4623	1
4626	1
4648	1
4672	2
4674	1
4675	1
4686	1
4714	1
4717	2
4718	1
4720	1
4723	1
4724	1
4730	2
4735	1
4740	1
4742	1
4743	1
4746	1
4752	1
4757	1
4759	1
4762	1
4764	1
4768	1
4769	3
4787	1
4795	1
4803	1
4804	1
4808	1
4812	2
4821	1
4823	2
4824	1
4825	1
4829	1
4837	1
4839	2
4853	1
4854	1
4857	1
4863	2
4865	1
4872	1
4876	1
4880	2
4890	1
4892	2
4894	2
4896	2
4901	1
4909	2
4915	1
4921	1
4925	1
4936	1
4939	1
4940	1
4943	1
4944	1
4946	2
4951	2
4953	1
4955	1
4960	1
4961	1
4968	1
4972	1
4974	1
4983	1
4996	1
5000	1
5001	1
5003	1
5007	1
5011	1
5017	1
5022	1
5029	2
5035	1
5040	1
5044	2
5046	1
5067	1
5070	1
5072	1
5075	1
5082	1
5084	1
5085	1
5086	1
5088	1
5103	1
5109	1
5114	2
5116	1
5127	1
5129	1
5130	1
5131	1
5132	1
5151	1
5156	3
5159	1
5175	1
5179	1
5193	1
5196	2
5205	1
5223	1
5229	1
5244	1
5253	1
5256	1
5257	1
5262	1
5266	1
5271	1
5285	1
5287	1
5295	1
5301	1
5302	1
5342	2
5343	1
5356	1
5357	1
5365	1
5367	1
5371	1
5375	1
5376	1
5382	1
5383	1
5389	1
5401	1
5419	1
5420	1
5424	1
5430	1
5438	2
5452	1
5456	1
5459	1
5464	2
5473	1
5476	1
5481	2
5484	1
5485	1
5489	1
5490	1
5494	2
5513	1
5523	2
5529	1
5550	1
5551	1
5582	2
5591	1
5598	1
5599	2
5607	1
5608	1
5609	1
5631	1
5634	1
5637	1
5641	1
5644	1
5652	2
5657	1
5658	1
5662	1
5665	1
5672	1
5678	1
5682	2
5691	1
5704	1
5715	1
5720	1
5731	1
5732	1
5736	1
5738	1
5745	2
5749	1
5754	1
5755	1
5758	2
5760	1
5761	1
5762	2
5766	1
5767	2
5768	1
5769	1
5772	1
5777	1
5784	1
5785	1
5787	1
5791	1
5796	1
5797	1
5805	1
5815	2
5817	1
5819	1
5824	1
5833	1
5834	1
5836	1
5839	1
5840	1
5848	1
5852	1
5853	1
5854	1
5861	1
5865	1
5867	1
5869	1
5872	1
5875	2
5888	1
5890	1
5893	1
5898	1
5902	1
5903	1
5909	1
5911	2
5915	1
5918	1
5919	2
5922	1
5923	1
5925	1
5927	1
5929	1
5934	1
5935	1
5936	1
5939	1
5940	1
5941	1
5943	1
5944	2
5951	1
5952	1
5957	1
5958	1
5959	3
5960	1
5962	1
5966	1
5967	2
5969	1
5971	1
5972	2
5975	1
5976	1
5981	1
5982	1
5984	2
5987	1
5992	2
5996	1
5997	2
5998	1
5999	2
6000	1
6001	2
6005	2
6007	2
6014	3
6015	3
6016	1
6017	2
6020	1
6023	1
6024	2
6025	3
6026	1
6027	1
6028	2
6029	2
6031	1
6033	1
6035	1
6037	1
6038	2
6041	1
6043	1
6044	2
6045	2
6046	1
6047	1
6048	1
6049	1
6050	2
6052	1
6054	1
6056	1
6058	1
6059	3
6060	1
6064	1
6066	1
6067	1
6068	2
6069	3
6073	1
6074	1
6075	1
6076	1
6078	1
6080	1
6082	4
6083	2
6084	2
6085	2
6087	2
6088	1
6089	1
6091	2
6092	2
6093	1
6094	3
6095	1
6097	1
6098	2
6101	1
6102	1
6105	1
6106	1
6107	1
6108	1
6111	1
6113	2
6114	1
6115	2
6117	2
6118	2
6119	1
6120	1
6122	2
6123	2
6125	2
6126	2
6128	1
6129	1
6130	1
6131	1
6132	1
6135	1
6139	3
6141	1
6143	2
6144	1
6145	1
6147	3
6149	1
6151	1
6156	2
6159	3
6161	1
6162	1
6165	2
6167	1
6169	2
6171	1
6172	2
6173	1
6174	4
6175	2
6176	1
6178	1
6180	1
6181	1
6183	1
6184	4
6185	2
6190	1
6192	1
6193	1
6194	2
6197	4
6198	1
6199	3
6200	2
6202	3
6203	1
6204	2
6206	3
6207	2
6208	1
6211	2
6216	1
6217	2
6218	2
6219	4
6220	1
6221	2
6222	2
6223	1
6225	2
6226	1
6227	1
6228	1
6229	1
6230	1
6231	1
6232	2
6234	2
6236	2
6238	2
6239	1
6241	2
6244	3
6245	1
6246	2
6247	2
6249	1
6250	2
6251	1
6253	5
6255	5
6258	1
6259	2
6260	2
6261	1
6262	4
6263	1
6264	2
6265	1
6266	2
6267	1
6268	2
6271	3
6273	2
6274	1
6275	1
6276	2
6277	4
6278	1
6279	2
6280	2
6281	2
6284	1
6286	1
6287	3
6288	3
6289	3
6291	1
6296	2
6297	2
6298	2
6300	1
6302	3
6303	2
6304	3
6305	1
6306	3
6308	3
6311	2
6312	2
6315	2
6316	2
6318	1
6319	1
6320	1
6322	1
6323	1
6324	2
6326	1
6331	2
6334	1
6335	1
6338	2
6340	3
6341	1
6342	4
6343	3
6344	1
6346	1
6347	1
6348	3
6349	2
6350	3
6351	1
6353	1
6357	2
6358	1
6359	2
6360	1
6362	2
6363	3
6365	2
6366	1
6367	2
6368	1
6370	3
6371	1
6376	2
6381	1
6382	2
6383	1
6385	2
6386	1
6389	1
6390	1
6393	1
6394	1
6396	1
6397	3
6399	1
6401	2
6402	1
6403	1
6404	1
6406	1
6407	1
6411	1
6412	1
6415	1
6420	2
6421	2
6423	1
6425	1
6427	2
6431	1
6433	1
6434	1
6436	2
6439	2
6446	1
6448	1
6450	1
6452	3
6454	3
6455	1
6458	1
6461	1
6462	1
6463	1
6464	2
6466	2
6468	1
6474	1
6475	2
6477	1
6478	1
6479	1
6480	1
6481	1
6484	1
6485	3
6487	2
6488	1
6489	2
6492	1
6493	1
6495	1
6496	3
6502	2
6503	2
6504	2
6505	1
6507	1
6509	1
6511	1
6513	1
6514	1
6515	2
6516	1
6517	2
6518	1
6520	1
6521	1
6522	1
6523	1
6526	1
6527	2
6529	1
6531	1
6534	5
6537	2
6541	3
6542	1
6545	2
6546	1
6547	2
6549	2
6551	1
6554	1
6555	1
6556	1
6557	2
6558	1
6559	1
6561	1
6562	1
6564	2
6565	1
6566	2
6570	1
6571	2
6572	1
6574	2
6577	1
6578	1
6580	2
6581	2
6583	1
6585	1
6586	1
6590	3
6591	1
6592	2
6594	1
6597	4
6600	1
6601	1
6602	3
6604	1
6605	1
6606	1
6607	2
6608	2
6611	1
6613	3
6614	1
6616	3
6617	3
6618	2
6619	2
6620	1
6622	3
6624	2
6625	1
6626	1
6627	1
6628	1
6629	2
6630	4
6632	1
6634	1
6635	1
6636	1
6637	1
6639	1
6641	2
6642	1
6651	1
6653	1
6661	1
6668	1
6670	1
6677	1
6680	1
6681	1
6688	1
6691	1
6693	1
6700	1
6701	1
6702	1
6703	1
6706	1
6710	1
6711	1
6712	1
6713	1
6714	1
6716	1
6722	3
6724	1
6726	2
6727	2
6728	1
6729	1
6730	1
6731	2
6733	1
6734	1
6735	1
6736	1
6737	1
6740	1
6742	1
6745	1
6747	1
6748	2
6749	2
6750	3
6753	2
6756	1
6757	1
6759	2
6760	3
6761	1
6762	1
6763	1
6765	2
6766	1
6769	2
6770	1
6771	1
6772	2
6773	1
6774	2
6776	2
6778	1
6779	1
6782	1
6783	1
6784	3
6786	1
6787	3
6788	1
6789	4
6791	3
6792	3
6794	1
6796	2
6797	2
6798	1
6800	1
6801	1
6802	2
6803	3
6806	1
6807	2
6809	2
6811	1
6812	1
6813	1
6814	1
6817	1
6819	1
6820	3
6826	2
6829	3
6832	2
6834	1
6843	2
6844	1
6845	1
6846	1
6848	2
6850	1
6853	2
6855	1
6856	2
6859	1
6860	1
6861	1
6862	1
6863	1
6867	1
6868	1
6869	1
6871	2
6873	1
6878	1
6882	2
6883	1
6885	1
6886	1
6887	1
6888	1
6890	1
6892	2
6893	1
6898	1
6899	1
6904	1
6906	1
6916	1
6919	1
6924	1
6929	1
6937	1
6940	1
6943	1
6945	1
6946	1
6948	1
6949	1
6950	1
6951	1
6956	1
6957	1
6960	1
6961	1
6962	1
6963	1
6964	1
6968	2
6976	1
6978	1
6982	1
6986	1
6992	1
6995	1
6997	1
6998	2
6999	1
7001	1
7005	2
7011	1
7018	1
7019	1
7020	1
7022	1
7038	1
7048	1
7049	1
7053	1
7055	1
7057	1
7059	1
7066	1
7067	1
7069	1
7078	2
7085	1
7087	1
7092	1
7095	1
7096	1
7099	1
7103	1
7113	1
7129	1
7133	1
7135	1
7138	1
7139	1
7140	2
7143	1
7144	1
7150	1
7156	1
7160	2
7161	1
7162	1
7163	1
7166	1
7168	1
7171	1
7172	2
7174	2
7176	1
7181	1
7183	1
7185	1
7187	1
7192	1
7193	1
7199	1
7209	1
7212	1
7222	1
7224	1
7227	1
7228	1
7232	1
7235	1
7236	1
7245	2
7251	1
7253	1
7257	1
7333	1
7486	1
7503	1
7513	1
7551	1
7554	1
7559	1
7562	1
7585	1
7607	1
7608	1
7620	1
7622	1
7628	1
7630	1
7632	1
7633	1
7635	1
7647	1
7661	1
7662	1
7668	1
7670	1
7671	1
7674	1
7684	1
7686	1
7687	2
7689	1
7694	1
7701	1
7702	1
7722	1
7724	1
7725	1
7748	1
7749	1
7752	1
7785	1
7816	1
7830	1
7842	1
7955	1
7999	1
8097	1
8111	1
8120	1
8135	1
8138	1
8140	1
8144	1
8180	1
8181	1
8220	1
8235	1
8238	1
8245	1
8261	1
8304	1
8385	1
8395	1
8411	1
8424	1
8429	1
8431	1
8432	1
8442	1
8450	1
8462	1
8480	1
8493	1
8495	1
8500	1
8503	1
8507	1
8510	1
8525	1
8528	1
8545	1
8571	1
8572	1
8626	1
8629	1
8630	1
8642	2
8645	1
8771	1
8774	1
8789	1
8808	1
8979	2
9014	1
9037	1
9055	1
9102	1
9127	1
9151	1
9162	1
9224	1
9252	1
9255	1
9275	1
9356	1
9492	1
9499	1
9563	1
9794	1
9850	1
9870	1
9884	1
9926	1
10029	1
10030	1
10032	1
10044	1
10049	1
10109	1
10145	1
10170	1
10172	1
10181	1
10191	1
10195	1
10210	1
10246	1
10247	1
10259	1
10270	1
10275	1
10290	1
10306	1
10346	1
10513	1
10609	1
10692	1
10744	1
10855	1
11159	1
11160	1
11164	1
11171	1
11201	1
11202	1
11221	2
11235	1
11254	1
11255	1
11256	1
11298	1
11477	1
11478	1
11482	1
11521	1
11548	1
11553	1
11557	1
11574	1
11579	1
11584	1
11587	1
11606	1
11685	1
11688	1
11692	1
11693	1
11718	1
11735	1
11744	1
11883	1
12018	2
12062	1
12076	1
12121	1
12123	1
12163	1
12183	2
12190	1
12209	1
12461	1
12478	1
12488	1
12489	1
12547	1
12549	1
12601	1
12645	1
12766	1
12843	1
12860	1
12862	1
12914	1
12950	1
12951	1
12960	1
12975	1
12984	1
12986	1
13009	1
13668	1
13676	1
14030	1
14223	1
14236	1
14299	1
14347	1
14378	1
14406	1
15576	1
16491	1
16862	1
18314	1
19217	1
19566	1
100000	2
