#Depth	Count
1	2151848998
2	359474075
3	221466983
4	155614006
5	107997484
6	73964139
7	50445441
8	34747364
9	24418934
10	17714486
11	13422317
12	10717729
13	9025405
14	8053672
15	7557868
16	7346642
17	7365809
18	7474935
19	7631427
20	7772683
21	7899083
22	7964890
23	7969051
24	7902258
25	7759288
26	7550467
27	7282334
28	6961181
29	6608382
30	6224410
31	5842713
32	5457919
33	5086685
34	4730919
35	4394384
36	4074734
37	3792489
38	3532255
39	3300498
40	3087415
41	2893249
42	2715211
43	2558508
44	2410380
45	2277891
46	2149511
47	2025201
48	1903816
49	1791070
50	1681486
51	1581835
52	1477689
53	1382581
54	1290655
55	1206129
56	1127009
57	1050711
58	982262
59	922485
60	865553
61	816435
62	772137
63	732698
64	695590
65	663440
66	632071
67	604180
68	579668
69	557546
70	538944
71	521918
72	505860
73	488104
74	473754
75	460035
76	447075
77	433756
78	422270
79	410970
80	399281
81	387717
82	378795
83	368638
84	361127
85	352407
86	345425
87	337802
88	331754
89	324703
90	320608
91	315427
92	311049
93	308337
94	304521
95	300690
96	298607
97	295650
98	292137
99	289389
100	287550
101	286223
102	284090
103	281380
104	278723
105	276154
106	273789
107	268785
108	264732
109	259910
110	254888
111	249703
112	245138
113	240111
114	233963
115	228387
116	222331
117	216814
118	210458
119	203618
120	198462
121	191115
122	184393
123	177911
124	172444
125	165805
126	159624
127	154022
128	149365
129	142674
130	136735
131	131549
132	126523
133	121931
134	116956
135	112293
136	107832
137	102903
138	98525
139	95080
140	91163
141	87511
142	84239
143	80999
144	77836
145	75300
146	71917
147	69029
148	67044
149	64243
150	61955
151	59411
152	57293
153	55250
154	53651
155	52204
156	50835
157	49608
158	48046
159	47445
160	46516
161	45067
162	44418
163	43409
164	43028
165	42363
166	42561
167	42040
168	41642
169	42024
170	41878
171	41488
172	41015
173	41105
174	41524
175	42426
176	42528
177	42630
178	43183
179	43366
180	44207
181	44666
182	44772
183	45435
184	45644
185	46227
186	46222
187	46836
188	46957
189	47544
190	48008
191	48319
192	47939
193	48414
194	48329
195	48558
196	48786
197	48810
198	49037
199	49002
200	49344
201	49569
202	49148
203	49013
204	48550
205	48506
206	48666
207	48602
208	47574
209	47818
210	47754
211	46950
212	46857
213	46316
214	46246
215	46323
216	44803
217	44729
218	44013
219	43271
220	42791
221	42277
222	41497
223	40880
224	40389
225	39786
226	38972
227	38295
228	37678
229	36909
230	36252
231	35784
232	35299
233	34831
234	34126
235	33198
236	32815
237	32496
238	32307
239	31187
240	31153
241	30234
242	29910
243	29736
244	28966
245	28382
246	28099
247	27346
248	27249
249	26545
250	26555
251	25962
252	25162
253	24931
254	24590
255	24195
256	23822
257	23696
258	23369
259	22778
260	22687
261	22253
262	22135
263	21867
264	21786
265	21462
266	21246
267	20736
268	20646
269	20444
270	20314
271	19833
272	19848
273	19139
274	19441
275	18940
276	18901
277	18517
278	18452
279	18023
280	17956
281	17562
282	17506
283	17415
284	17172
285	16837
286	16695
287	16606
288	16638
289	16443
290	16625
291	16305
292	16072
293	16069
294	15775
295	15604
296	15301
297	15256
298	15082
299	14910
300	14774
301	14588
302	14865
303	14553
304	14402
305	14207
306	14043
307	13993
308	13748
309	13468
310	13564
311	13296
312	12908
313	13037
314	12807
315	12803
316	12562
317	12592
318	12269
319	12386
320	12094
321	11812
322	11948
323	11669
324	11540
325	11561
326	11479
327	11248
328	11387
329	11034
330	10681
331	10647
332	10631
333	10675
334	10502
335	10420
336	10482
337	10588
338	10408
339	10336
340	10330
341	10392
342	10302
343	10217
344	10137
345	10049
346	10044
347	9945
348	10115
349	9907
350	9863
351	9929
352	9951
353	9797
354	10065
355	10043
356	9713
357	9685
358	9713
359	9714
360	9724
361	9773
362	9971
363	9875
364	10027
365	9867
366	9768
367	9942
368	9860
369	9742
370	9770
371	9860
372	10053
373	10067
374	9954
375	9884
376	9974
377	9984
378	9999
379	10125
380	9871
381	10007
382	10038
383	10082
384	10059
385	10105
386	10240
387	10432
388	10147
389	10371
390	10388
391	10373
392	10392
393	10282
394	10334
395	10420
396	10316
397	10501
398	10317
399	10531
400	10303
401	10273
402	10306
403	10225
404	10277
405	10276
406	10259
407	10049
408	10440
409	10427
410	10287
411	10075
412	10189
413	10102
414	10111
415	10312
416	10142
417	10279
418	10193
419	9887
420	9919
421	9983
422	9929
423	10012
424	10125
425	9839
426	9989
427	9891
428	9833
429	9904
430	9776
431	9764
432	9857
433	9898
434	9911
435	9924
436	9868
437	9778
438	9697
439	9842
440	9853
441	9787
442	9763
443	9720
444	9846
445	9538
446	9736
447	9735
448	9641
449	9689
450	9566
451	9527
452	9674
453	9629
454	9674
455	9398
456	9698
457	9428
458	9570
459	9406
460	9286
461	9393
462	9456
463	9332
464	9490
465	9374
466	9360
467	9021
468	9172
469	9140
470	9135
471	8966
472	8772
473	8631
474	8715
475	8546
476	8633
477	8502
478	8465
479	8462
480	8473
481	8325
482	8438
483	8328
484	8329
485	7965
486	8118
487	7896
488	7962
489	7959
490	7767
491	7714
492	7581
493	7677
494	7514
495	7613
496	7579
497	7555
498	7516
499	7492
500	7468
501	7330
502	7385
503	7350
504	7242
505	7387
506	7094
507	7136
508	7196
509	7005
510	6983
511	6949
512	6901
513	6960
514	6706
515	6889
516	6773
517	6899
518	6811
519	6715
520	6826
521	6817
522	6647
523	6704
524	6710
525	6710
526	6561
527	6399
528	6471
529	6272
530	6201
531	6260
532	6197
533	6171
534	6089
535	6194
536	5988
537	5932
538	5779
539	5724
540	5794
541	5700
542	5671
543	5622
544	5703
545	5700
546	5559
547	5531
548	5579
549	5403
550	5364
551	5488
552	5441
553	5378
554	5397
555	5585
556	5463
557	5344
558	5378
559	5267
560	5134
561	5164
562	5223
563	5208
564	4999
565	5016
566	5032
567	4919
568	4967
569	4780
570	4778
571	4721
572	4760
573	4723
574	4638
575	4739
576	4693
577	4637
578	4677
579	4630
580	4667
581	4615
582	4457
583	4431
584	4518
585	4398
586	4372
587	4323
588	4246
589	4238
590	4188
591	4091
592	4222
593	4153
594	4018
595	4131
596	4078
597	4071
598	4059
599	4017
600	3947
601	3779
602	3766
603	3913
604	3730
605	3781
606	3684
607	3640
608	3565
609	3672
610	3612
611	3461
612	3520
613	3449
614	3413
615	3340
616	3308
617	3230
618	3192
619	3144
620	3194
621	3114
622	3015
623	3054
624	3036
625	2931
626	3085
627	2886
628	2876
629	2794
630	2974
631	2883
632	2805
633	2756
634	2766
635	2638
636	2691
637	2714
638	2651
639	2576
640	2570
641	2544
642	2543
643	2517
644	2548
645	2438
646	2411
647	2406
648	2337
649	2308
650	2223
651	2131
652	2300
653	2166
654	2176
655	2127
656	2044
657	2133
658	2004
659	2044
660	2034
661	2028
662	1983
663	1968
664	2044
665	1976
666	1856
667	1913
668	1809
669	1814
670	1763
671	1771
672	1753
673	1806
674	1744
675	1760
676	1723
677	1723
678	1730
679	1742
680	1664
681	1719
682	1776
683	1722
684	1760
685	1703
686	1699
687	1654
688	1675
689	1682
690	1589
691	1598
692	1567
693	1536
694	1534
695	1549
696	1580
697	1568
698	1596
699	1463
700	1493
701	1474
702	1366
703	1355
704	1418
705	1309
706	1355
707	1300
708	1266
709	1332
710	1273
711	1263
712	1233
713	1227
714	1287
715	1239
716	1162
717	1200
718	1142
719	1168
720	1115
721	1108
722	1101
723	1155
724	1169
725	1043
726	1035
727	1062
728	1030
729	978
730	1033
731	1023
732	1005
733	1004
734	968
735	984
736	927
737	965
738	948
739	906
740	931
741	859
742	871
743	846
744	830
745	768
746	788
747	728
748	776
749	807
750	767
751	779
752	755
753	737
754	695
755	738
756	745
757	768
758	721
759	768
760	719
761	720
762	707
763	722
764	682
765	713
766	705
767	756
768	693
769	718
770	696
771	697
772	666
773	696
774	669
775	636
776	667
777	613
778	638
779	580
780	592
781	589
782	597
783	662
784	640
785	611
786	604
787	583
788	585
789	605
790	550
791	533
792	524
793	524
794	510
795	535
796	523
797	479
798	507
799	489
800	468
801	463
802	417
803	451
804	465
805	442
806	499
807	465
808	415
809	386
810	463
811	427
812	400
813	449
814	399
815	427
816	407
817	406
818	451
819	366
820	383
821	411
822	381
823	421
824	393
825	387
826	376
827	377
828	390
829	365
830	395
831	352
832	338
833	358
834	366
835	362
836	343
837	369
838	343
839	354
840	356
841	377
842	359
843	316
844	314
845	368
846	326
847	330
848	326
849	301
850	300
851	302
852	310
853	287
854	298
855	250
856	280
857	279
858	262
859	288
860	284
861	291
862	281
863	251
864	261
865	277
866	247
867	265
868	271
869	235
870	269
871	215
872	204
873	222
874	181
875	198
876	208
877	189
878	199
879	208
880	184
881	191
882	192
883	202
884	182
885	192
886	171
887	170
888	187
889	151
890	174
891	189
892	180
893	189
894	164
895	180
896	150
897	161
898	178
899	152
900	144
901	169
902	163
903	188
904	142
905	182
906	146
907	158
908	170
909	164
910	156
911	176
912	161
913	144
914	148
915	155
916	166
917	140
918	155
919	156
920	144
921	139
922	151
923	158
924	147
925	136
926	137
927	152
928	132
929	152
930	129
931	135
932	141
933	129
934	128
935	119
936	123
937	122
938	118
939	118
940	102
941	116
942	105
943	127
944	120
945	130
946	137
947	105
948	121
949	121
950	98
951	103
952	122
953	103
954	95
955	92
956	97
957	104
958	89
959	96
960	86
961	85
962	97
963	99
964	97
965	86
966	79
967	79
968	98
969	78
970	92
971	108
972	99
973	80
974	135
975	103
976	90
977	89
978	79
979	88
980	78
981	89
982	85
983	79
984	70
985	83
986	80
987	85
988	85
989	81
990	83
991	56
992	81
993	83
994	70
995	70
996	80
997	74
998	74
999	70
1000	73
1001	58
1002	67
1003	66
1004	73
1005	56
1006	65
1007	73
1008	73
1009	53
1010	64
1011	58
1012	61
1013	62
1014	53
1015	72
1016	43
1017	55
1018	67
1019	58
1020	52
1021	63
1022	58
1023	57
1024	58
1025	76
1026	60
1027	80
1028	61
1029	77
1030	65
1031	55
1032	69
1033	62
1034	78
1035	84
1036	67
1037	68
1038	73
1039	59
1040	84
1041	74
1042	59
1043	54
1044	54
1045	73
1046	66
1047	72
1048	84
1049	71
1050	77
1051	64
1052	76
1053	83
1054	66
1055	68
1056	66
1057	64
1058	66
1059	63
1060	54
1061	64
1062	55
1063	54
1064	53
1065	64
1066	58
1067	63
1068	53
1069	55
1070	40
1071	59
1072	58
1073	65
1074	53
1075	53
1076	69
1077	57
1078	63
1079	62
1080	45
1081	54
1082	53
1083	46
1084	51
1085	36
1086	38
1087	37
1088	54
1089	37
1090	29
1091	42
1092	43
1093	40
1094	40
1095	33
1096	40
1097	50
1098	34
1099	46
1100	48
1101	43
1102	43
1103	44
1104	39
1105	35
1106	27
1107	48
1108	36
1109	33
1110	50
1111	41
1112	28
1113	39
1114	38
1115	39
1116	49
1117	34
1118	52
1119	41
1120	49
1121	46
1122	39
1123	50
1124	32
1125	43
1126	39
1127	44
1128	33
1129	37
1130	31
1131	36
1132	44
1133	33
1134	43
1135	48
1136	37
1137	43
1138	29
1139	45
1140	35
1141	29
1142	45
1143	40
1144	31
1145	38
1146	36
1147	30
1148	34
1149	24
1150	35
1151	32
1152	20
1153	31
1154	34
1155	42
1156	42
1157	38
1158	41
1159	34
1160	43
1161	37
1162	35
1163	38
1164	37
1165	32
1166	43
1167	40
1168	44
1169	48
1170	52
1171	49
1172	26
1173	37
1174	55
1175	37
1176	29
1177	43
1178	48
1179	36
1180	28
1181	45
1182	54
1183	45
1184	45
1185	49
1186	45
1187	37
1188	40
1189	43
1190	52
1191	57
1192	52
1193	44
1194	45
1195	45
1196	48
1197	39
1198	44
1199	56
1200	48
1201	72
1202	38
1203	52
1204	47
1205	54
1206	40
1207	37
1208	44
1209	50
1210	36
1211	42
1212	49
1213	52
1214	51
1215	56
1216	37
1217	42
1218	53
1219	51
1220	56
1221	58
1222	58
1223	46
1224	49
1225	42
1226	52
1227	40
1228	35
1229	42
1230	44
1231	43
1232	34
1233	38
1234	41
1235	26
1236	33
1237	37
1238	39
1239	31
1240	28
1241	36
1242	35
1243	40
1244	46
1245	44
1246	44
1247	38
1248	46
1249	44
1250	40
1251	49
1252	36
1253	24
1254	30
1255	47
1256	47
1257	35
1258	37
1259	41
1260	31
1261	47
1262	33
1263	33
1264	41
1265	38
1266	38
1267	28
1268	36
1269	42
1270	42
1271	39
1272	31
1273	26
1274	34
1275	30
1276	28
1277	35
1278	33
1279	26
1280	27
1281	33
1282	26
1283	31
1284	28
1285	33
1286	44
1287	33
1288	43
1289	34
1290	31
1291	28
1292	35
1293	27
1294	41
1295	29
1296	36
1297	35
1298	41
1299	39
1300	35
1301	25
1302	32
1303	20
1304	22
1305	25
1306	17
1307	29
1308	19
1309	33
1310	36
1311	25
1312	22
1313	30
1314	36
1315	30
1316	31
1317	33
1318	34
1319	33
1320	34
1321	46
1322	36
1323	23
1324	36
1325	36
1326	39
1327	30
1328	39
1329	24
1330	26
1331	30
1332	26
1333	30
1334	21
1335	19
1336	24
1337	29
1338	38
1339	31
1340	33
1341	20
1342	20
1343	21
1344	18
1345	33
1346	19
1347	26
1348	21
1349	22
1350	19
1351	25
1352	16
1353	24
1354	38
1355	32
1356	25
1357	33
1358	23
1359	18
1360	27
1361	29
1362	27
1363	21
1364	19
1365	27
1366	24
1367	27
1368	29
1369	20
1370	21
1371	24
1372	16
1373	23
1374	29
1375	22
1376	26
1377	12
1378	18
1379	18
1380	18
1381	29
1382	13
1383	17
1384	17
1385	20
1386	17
1387	22
1388	21
1389	28
1390	26
1391	14
1392	18
1393	24
1394	16
1395	17
1396	17
1397	19
1398	8
1399	18
1400	30
1401	20
1402	24
1403	18
1404	19
1405	8
1406	12
1407	19
1408	13
1409	19
1410	15
1411	19
1412	12
1413	14
1414	20
1415	16
1416	22
1417	12
1418	16
1419	13
1420	15
1421	15
1422	14
1423	12
1424	16
1425	17
1426	14
1427	12
1428	9
1429	13
1430	16
1431	11
1432	10
1433	6
1434	9
1435	8
1436	10
1437	9
1438	9
1439	11
1440	5
1441	11
1442	8
1443	5
1444	6
1445	4
1446	12
1447	8
1448	14
1449	15
1450	7
1451	14
1452	11
1453	10
1454	8
1455	19
1456	11
1457	15
1458	9
1459	8
1460	8
1461	12
1462	5
1463	10
1464	18
1465	10
1466	15
1467	12
1468	10
1469	15
1470	14
1471	18
1472	8
1473	8
1474	15
1475	15
1476	14
1477	15
1478	16
1479	15
1480	16
1481	17
1482	8
1483	13
1484	18
1485	19
1486	23
1487	16
1488	12
1489	19
1490	14
1491	25
1492	16
1493	13
1494	21
1495	19
1496	18
1497	10
1498	19
1499	13
1500	18
1501	14
1502	9
1503	16
1504	13
1505	20
1506	16
1507	14
1508	6
1509	18
1510	15
1511	9
1512	17
1513	11
1514	16
1515	14
1516	18
1517	11
1518	18
1519	17
1520	11
1521	13
1522	18
1523	11
1524	11
1525	16
1526	14
1527	14
1528	16
1529	14
1530	17
1531	20
1532	17
1533	14
1534	17
1535	21
1536	15
1537	28
1538	16
1539	18
1540	16
1541	18
1542	24
1543	20
1544	20
1545	18
1546	25
1547	20
1548	14
1549	13
1550	14
1551	17
1552	22
1553	23
1554	14
1555	23
1556	14
1557	12
1558	23
1559	21
1560	16
1561	18
1562	13
1563	19
1564	17
1565	14
1566	16
1567	14
1568	18
1569	20
1570	22
1571	18
1572	27
1573	23
1574	32
1575	20
1576	15
1577	19
1578	13
1579	20
1580	15
1581	19
1582	19
1583	15
1584	13
1585	20
1586	16
1587	11
1588	24
1589	13
1590	14
1591	18
1592	10
1593	14
1594	10
1595	8
1596	11
1597	11
1598	16
1599	9
1600	11
1601	11
1602	7
1603	13
1604	16
1605	13
1606	12
1607	14
1608	11
1609	13
1610	13
1611	11
1612	13
1613	16
1614	12
1615	9
1616	13
1617	13
1618	13
1619	14
1620	8
1621	10
1622	11
1623	10
1624	9
1625	15
1626	17
1627	16
1628	14
1629	17
1630	20
1631	7
1632	13
1633	12
1634	12
1635	16
1636	12
1637	12
1638	16
1639	18
1640	27
1641	10
1642	18
1643	15
1644	14
1645	20
1646	15
1647	28
1648	21
1649	17
1650	11
1651	19
1652	13
1653	12
1654	24
1655	16
1656	13
1657	14
1658	23
1659	15
1660	14
1661	16
1662	14
1663	15
1664	19
1665	17
1666	14
1667	15
1668	20
1669	17
1670	16
1671	16
1672	10
1673	19
1674	13
1675	11
1676	14
1677	23
1678	13
1679	18
1680	15
1681	26
1682	11
1683	17
1684	12
1685	14
1686	16
1687	17
1688	15
1689	19
1690	21
1691	12
1692	14
1693	16
1694	15
1695	12
1696	10
1697	22
1698	13
1699	10
1700	11
1701	15
1702	12
1703	14
1704	11
1705	22
1706	9
1707	9
1708	11
1709	9
1710	15
1711	8
1712	14
1713	13
1714	16
1715	12
1716	12
1717	13
1718	14
1719	13
1720	19
1721	16
1722	10
1723	9
1724	14
1725	9
1726	5
1727	19
1728	22
1729	18
1730	14
1731	11
1732	9
1733	16
1734	13
1735	16
1736	9
1737	20
1738	16
1739	17
1740	17
1741	14
1742	6
1743	16
1744	10
1745	20
1746	12
1747	7
1748	12
1749	17
1750	12
1751	20
1752	15
1753	10
1754	11
1755	16
1756	15
1757	11
1758	18
1759	15
1760	19
1761	11
1762	17
1763	11
1764	15
1765	7
1766	18
1767	11
1768	11
1769	16
1770	20
1771	10
1772	12
1773	8
1774	12
1775	17
1776	10
1777	16
1778	18
1779	9
1780	13
1781	15
1782	13
1783	12
1784	9
1785	5
1786	11
1787	14
1788	8
1789	13
1790	14
1791	11
1792	15
1793	15
1794	12
1795	8
1796	11
1797	12
1798	12
1799	12
1800	12
1801	8
1802	14
1803	10
1804	12
1805	11
1806	12
1807	14
1808	12
1809	9
1810	12
1811	13
1812	10
1813	17
1814	16
1815	12
1816	13
1817	14
1818	6
1819	12
1820	9
1821	13
1822	20
1823	11
1824	11
1825	13
1826	16
1827	25
1828	11
1829	16
1830	16
1831	10
1832	13
1833	14
1834	17
1835	15
1836	16
1837	14
1838	14
1839	20
1840	10
1841	18
1842	16
1843	16
1844	22
1845	23
1846	17
1847	14
1848	19
1849	15
1850	19
1851	17
1852	10
1853	12
1854	13
1855	13
1856	9
1857	15
1858	22
1859	13
1860	15
1861	13
1862	10
1863	13
1864	11
1865	10
1866	15
1867	10
1868	17
1869	10
1870	19
1871	9
1872	16
1873	18
1874	9
1875	9
1876	18
1877	18
1878	12
1879	10
1880	13
1881	13
1882	13
1883	11
1884	14
1885	7
1886	9
1887	13
1888	13
1889	12
1890	11
1891	7
1892	10
1893	10
1894	15
1895	14
1896	11
1897	12
1898	23
1899	16
1900	10
1901	13
1902	11
1903	13
1904	6
1905	15
1906	10
1907	6
1908	5
1909	9
1910	11
1911	13
1912	7
1913	10
1914	12
1915	8
1916	11
1917	13
1918	12
1919	7
1920	11
1921	16
1922	7
1923	8
1924	8
1925	12
1926	17
1927	10
1928	9
1929	10
1930	5
1931	4
1932	12
1933	12
1934	14
1935	5
1936	13
1937	14
1938	10
1939	12
1940	14
1941	6
1942	9
1943	7
1944	10
1945	10
1946	7
1947	14
1948	12
1949	13
1950	8
1951	12
1952	5
1953	11
1954	15
1955	19
1956	6
1957	10
1958	10
1959	10
1960	11
1961	8
1962	5
1963	6
1964	10
1965	5
1966	8
1967	9
1968	9
1969	9
1970	7
1971	6
1972	8
1973	10
1974	10
1975	9
1976	8
1977	9
1978	6
1979	7
1980	8
1981	6
1982	10
1983	6
1984	11
1985	19
1986	8
1987	11
1988	10
1989	6
1990	5
1991	14
1992	14
1993	8
1994	4
1995	7
1996	12
1997	12
1998	11
1999	10
2000	8
2001	7
2002	11
2003	10
2004	7
2005	9
2006	9
2007	8
2008	8
2009	13
2010	12
2011	7
2012	11
2013	9
2014	6
2015	11
2016	5
2017	9
2018	11
2019	9
2020	9
2021	9
2022	6
2023	17
2024	5
2025	12
2026	7
2027	9
2028	6
2029	11
2030	9
2031	9
2032	11
2033	13
2034	8
2035	9
2036	15
2037	8
2038	10
2039	13
2040	4
2041	6
2042	10
2043	9
2044	5
2045	4
2046	5
2047	8
2048	15
2049	14
2050	11
2051	13
2052	10
2053	12
2054	9
2055	7
2056	5
2057	8
2058	9
2059	3
2060	8
2061	8
2062	9
2063	7
2064	3
2065	7
2066	7
2067	7
2068	8
2069	4
2070	7
2071	10
2072	7
2073	13
2074	7
2075	7
2076	12
2077	9
2078	8
2079	5
2080	7
2081	4
2082	9
2083	5
2084	1
2085	9
2086	5
2087	5
2088	9
2089	8
2090	1
2091	5
2092	8
2093	6
2094	5
2095	7
2096	7
2097	6
2098	3
2099	8
2100	3
2101	3
2102	6
2103	6
2104	7
2105	5
2106	3
2107	3
2108	9
2109	9
2110	11
2111	5
2112	6
2113	9
2114	8
2115	7
2116	4
2117	3
2118	2
2119	6
2120	4
2121	4
2122	10
2123	7
2124	4
2125	6
2126	6
2127	9
2128	4
2129	3
2130	7
2131	8
2132	2
2133	6
2134	2
2135	15
2136	8
2137	4
2138	4
2139	5
2140	9
2141	7
2142	6
2143	10
2144	7
2145	4
2146	7
2147	8
2148	6
2149	8
2150	8
2151	4
2152	5
2153	14
2154	15
2155	8
2156	3
2157	8
2158	5
2159	9
2160	6
2161	9
2162	12
2163	6
2164	4
2165	7
2166	3
2167	9
2168	7
2169	7
2170	11
2171	7
2172	7
2173	7
2174	7
2175	11
2176	4
2177	3
2178	10
2179	3
2180	11
2181	9
2182	4
2183	3
2184	2
2185	8
2186	8
2187	10
2188	6
2189	3
2190	1
2191	15
2193	8
2194	4
2195	7
2196	4
2197	5
2198	13
2199	8
2200	7
2201	10
2202	11
2203	7
2204	13
2205	8
2206	3
2207	6
2208	5
2209	6
2210	7
2211	6
2212	8
2213	10
2214	4
2215	5
2216	6
2217	10
2218	1
2219	9
2220	14
2221	6
2222	6
2223	7
2224	2
2225	5
2226	12
2227	3
2228	3
2229	9
2230	7
2231	5
2232	6
2233	4
2234	6
2235	8
2236	4
2237	2
2238	9
2239	7
2240	4
2241	8
2242	5
2243	6
2244	8
2245	5
2246	8
2247	6
2248	6
2249	11
2250	3
2251	7
2252	4
2253	6
2254	8
2255	7
2256	8
2257	10
2258	5
2259	10
2260	5
2261	6
2262	7
2263	8
2264	6
2265	11
2266	9
2267	10
2268	16
2269	6
2270	9
2271	7
2272	4
2273	8
2274	8
2275	11
2276	10
2277	10
2278	6
2279	13
2280	4
2281	4
2282	10
2283	8
2284	6
2285	14
2286	8
2287	6
2288	10
2289	18
2290	8
2291	8
2292	5
2293	9
2294	11
2295	4
2296	13
2297	9
2298	9
2299	4
2300	3
2301	13
2302	13
2303	8
2304	8
2305	6
2306	10
2307	9
2308	5
2309	11
2310	8
2311	5
2312	6
2313	9
2314	6
2315	7
2316	8
2317	7
2318	4
2319	6
2320	6
2321	6
2322	6
2323	6
2324	6
2325	6
2326	8
2327	8
2328	7
2329	9
2330	5
2331	5
2332	4
2333	3
2334	4
2335	4
2336	2
2337	2
2338	6
2339	6
2340	4
2341	6
2342	1
2343	3
2344	5
2345	1
2346	2
2347	6
2348	3
2349	2
2350	5
2351	2
2352	7
2353	2
2354	3
2355	3
2356	3
2357	1
2358	3
2359	2
2360	3
2361	1
2362	3
2363	3
2364	8
2365	4
2366	4
2367	2
2368	1
2369	4
2370	2
2371	4
2372	8
2373	4
2374	1
2375	2
2376	2
2377	1
2379	5
2380	4
2381	2
2382	5
2384	3
2385	5
2386	3
2387	3
2389	5
2390	2
2391	3
2392	4
2393	2
2394	3
2395	5
2396	1
2397	4
2398	3
2399	2
2400	4
2401	1
2402	2
2403	5
2404	5
2405	2
2406	3
2407	1
2408	1
2409	6
2410	3
2411	3
2412	4
2413	6
2414	2
2416	3
2417	2
2418	1
2419	6
2420	2
2421	2
2422	3
2423	3
2424	2
2425	3
2427	4
2428	2
2429	2
2430	1
2431	3
2432	5
2433	3
2434	3
2435	2
2436	2
2437	2
2439	4
2440	3
2441	1
2442	1
2443	2
2444	1
2445	1
2446	3
2447	2
2448	5
2449	7
2450	5
2451	2
2452	1
2453	5
2454	2
2455	3
2456	2
2457	3
2458	2
2460	2
2461	2
2462	2
2463	1
2464	4
2465	2
2466	5
2467	6
2468	4
2469	2
2470	2
2471	6
2472	3
2473	5
2474	3
2475	3
2476	4
2477	1
2478	8
2479	5
2480	4
2481	6
2482	2
2483	5
2484	7
2485	1
2486	4
2487	4
2488	6
2489	2
2490	3
2491	5
2492	4
2493	8
2494	3
2495	2
2496	3
2497	2
2498	5
2499	1
2500	3
2501	5
2502	5
2503	3
2504	3
2505	3
2506	6
2507	4
2508	3
2509	3
2510	4
2511	4
2512	6
2513	6
2514	4
2515	6
2516	8
2517	4
2518	4
2519	2
2520	9
2521	5
2522	5
2523	4
2524	6
2525	5
2526	3
2527	3
2528	2
2529	3
2530	8
2531	2
2532	8
2533	7
2534	4
2535	8
2536	8
2537	4
2538	5
2539	2
2540	7
2541	3
2542	6
2543	6
2544	3
2545	5
2546	3
2547	3
2548	4
2549	3
2550	7
2551	8
2552	5
2553	3
2554	4
2555	3
2556	5
2557	3
2558	6
2559	5
2560	7
2561	4
2562	8
2563	5
2564	14
2565	4
2566	5
2567	6
2568	6
2569	1
2570	5
2571	7
2572	4
2573	3
2574	10
2575	6
2576	5
2577	6
2578	7
2579	5
2580	3
2581	3
2582	3
2583	3
2584	1
2585	6
2586	4
2587	6
2588	2
2589	5
2590	6
2591	2
2592	1
2593	4
2594	6
2595	2
2596	3
2597	2
2598	3
2599	7
2600	5
2601	4
2602	5
2603	3
2604	3
2605	4
2606	2
2607	4
2608	3
2609	3
2610	6
2611	8
2612	2
2613	7
2614	5
2615	4
2616	3
2617	7
2619	2
2620	3
2621	6
2622	2
2623	3
2624	4
2625	2
2626	3
2627	4
2628	4
2629	6
2630	3
2631	2
2632	4
2633	3
2634	5
2635	4
2636	3
2637	2
2638	3
2639	2
2640	6
2641	4
2642	2
2643	4
2644	3
2645	4
2646	4
2647	2
2648	5
2649	3
2650	4
2651	3
2652	2
2653	3
2654	2
2655	6
2656	4
2657	2
2658	2
2659	6
2660	5
2661	3
2662	4
2663	2
2664	13
2665	4
2666	5
2667	5
2668	3
2669	11
2670	3
2671	4
2672	3
2673	3
2674	4
2675	7
2676	2
2677	6
2678	9
2679	4
2680	7
2681	4
2682	1
2683	3
2684	2
2685	5
2686	5
2687	6
2688	2
2690	3
2691	9
2692	5
2693	3
2694	5
2695	3
2696	3
2697	3
2698	6
2699	4
2700	2
2701	4
2702	2
2703	5
2704	4
2705	4
2706	2
2707	1
2708	1
2709	1
2710	2
2711	2
2712	2
2713	3
2714	4
2715	4
2716	1
2717	4
2718	2
2719	1
2720	2
2721	4
2722	1
2723	4
2724	4
2725	2
2726	1
2727	3
2728	2
2729	1
2730	3
2731	5
2732	2
2733	1
2734	4
2735	1
2736	2
2737	7
2738	6
2739	5
2740	6
2741	5
2742	3
2743	2
2744	2
2745	4
2746	7
2747	2
2748	3
2749	2
2750	4
2751	1
2752	4
2753	5
2754	4
2755	2
2756	4
2757	4
2758	2
2759	5
2760	2
2761	4
2762	3
2763	2
2764	3
2765	2
2766	4
2767	2
2768	3
2769	6
2770	2
2772	6
2773	2
2774	4
2775	5
2776	3
2777	3
2778	4
2779	5
2780	2
2781	2
2782	6
2784	3
2785	5
2786	2
2789	1
2790	3
2791	2
2792	4
2793	4
2794	2
2795	7
2796	5
2797	5
2798	4
2799	2
2800	2
2801	1
2802	2
2803	5
2804	2
2805	3
2806	1
2807	3
2808	4
2809	2
2810	3
2811	2
2812	1
2813	2
2814	1
2815	2
2816	2
2817	3
2818	3
2819	3
2821	1
2824	1
2825	2
2826	1
2827	2
2828	5
2829	1
2830	2
2831	5
2833	3
2834	2
2835	4
2836	1
2837	2
2838	4
2839	2
2840	1
2841	2
2842	3
2843	1
2845	1
2846	3
2847	1
2848	2
2849	2
2850	2
2851	1
2852	3
2853	3
2854	6
2855	3
2856	1
2857	3
2858	3
2859	4
2860	1
2861	7
2862	2
2863	3
2864	4
2865	3
2866	2
2868	4
2869	1
2870	5
2871	3
2873	3
2874	1
2875	2
2876	3
2877	4
2878	3
2879	4
2880	1
2881	3
2882	5
2883	1
2884	3
2885	2
2886	2
2887	1
2889	3
2890	2
2891	6
2892	1
2893	3
2894	1
2895	3
2896	1
2897	3
2898	4
2899	1
2900	4
2901	3
2902	4
2904	4
2905	2
2906	1
2908	2
2909	3
2910	1
2911	1
2913	1
2914	3
2915	1
2916	5
2917	2
2919	2
2920	3
2921	1
2922	3
2923	2
2925	3
2926	2
2927	1
2928	1
2929	4
2930	2
2931	5
2932	4
2933	4
2934	5
2936	2
2937	1
2938	2
2939	4
2940	1
2941	3
2942	1
2943	7
2944	1
2945	6
2946	4
2949	5
2950	2
2951	2
2952	1
2953	1
2954	1
2955	5
2956	1
2957	3
2958	2
2959	1
2960	3
2961	2
2962	1
2963	3
2964	2
2965	5
2966	4
2967	1
2968	2
2969	1
2970	5
2971	1
2972	3
2973	1
2974	3
2975	3
2976	1
2977	1
2978	4
2979	2
2980	1
2981	2
2982	4
2983	4
2985	3
2986	5
2987	4
2988	2
2989	2
2990	6
2991	6
2992	3
2993	3
2994	4
2995	7
2996	4
2997	7
2998	4
2999	8
3000	5
3001	4
3002	5
3003	4
3004	7
3005	4
3006	4
3007	3
3008	6
3009	4
3010	3
3011	3
3012	2
3013	4
3014	4
3016	2
3017	5
3018	6
3019	5
3020	4
3021	8
3022	4
3023	3
3024	4
3025	3
3026	8
3027	7
3028	3
3029	3
3030	1
3031	4
3032	1
3033	5
3034	5
3035	3
3036	5
3037	2
3038	2
3039	2
3041	2
3042	4
3043	4
3044	5
3045	3
3046	2
3047	4
3048	3
3049	5
3050	3
3051	1
3052	3
3053	1
3054	2
3055	3
3056	2
3057	3
3058	1
3059	1
3061	2
3062	1
3063	1
3064	3
3065	2
3066	5
3067	1
3068	1
3070	2
3071	2
3072	2
3073	2
3074	1
3075	2
3076	3
3077	2
3078	3
3079	3
3080	4
3081	7
3082	3
3083	3
3084	2
3085	2
3086	3
3087	2
3088	1
3089	2
3090	1
3091	5
3092	2
3093	2
3094	4
3095	5
3096	3
3097	3
3098	1
3099	1
3100	4
3101	4
3102	3
3103	3
3104	3
3105	1
3106	3
3107	6
3108	2
3109	3
3110	3
3111	4
3112	2
3113	2
3114	3
3115	2
3116	2
3117	3
3118	2
3119	2
3120	3
3121	2
3122	6
3124	2
3125	4
3126	7
3127	3
3128	3
3129	3
3130	4
3131	5
3132	2
3133	3
3134	3
3135	1
3136	2
3137	2
3138	2
3139	2
3141	2
3142	3
3143	1
3144	6
3145	5
3146	4
3147	3
3149	1
3150	6
3151	1
3152	2
3153	3
3154	2
3155	2
3156	4
3157	4
3158	5
3159	2
3160	1
3161	1
3162	2
3163	4
3164	3
3165	3
3166	3
3167	2
3168	2
3169	3
3170	2
3171	3
3173	2
3174	1
3175	3
3176	2
3177	1
3178	2
3179	6
3180	6
3182	3
3183	4
3184	6
3185	4
3186	3
3187	3
3188	3
3189	4
3190	4
3191	3
3192	1
3193	1
3194	4
3195	3
3196	3
3197	2
3198	1
3199	1
3201	3
3202	2
3203	1
3205	1
3206	6
3207	2
3208	5
3210	1
3211	3
3212	1
3213	4
3214	3
3215	2
3216	2
3217	3
3218	2
3219	1
3222	1
3223	1
3224	1
3225	3
3227	2
3228	1
3229	1
3230	3
3231	2
3232	1
3233	1
3234	3
3235	2
3236	3
3237	2
3238	4
3239	1
3240	1
3241	2
3242	4
3243	3
3244	1
3245	1
3246	5
3247	1
3248	2
3249	2
3251	2
3252	3
3254	1
3255	1
3256	1
3258	4
3259	1
3260	1
3262	2
3263	2
3264	1
3265	2
3266	2
3267	3
3268	1
3269	1
3271	4
3272	1
3273	4
3274	4
3275	2
3276	1
3278	2
3279	3
3280	2
3281	2
3282	2
3285	3
3286	2
3287	1
3288	1
3290	1
3291	1
3293	2
3294	4
3295	4
3296	2
3297	2
3298	3
3299	3
3300	3
3301	4
3302	1
3303	1
3304	2
3305	1
3307	2
3308	3
3309	2
3311	1
3313	2
3314	3
3315	1
3316	6
3317	1
3320	3
3321	3
3322	4
3323	1
3325	4
3327	1
3328	1
3330	3
3331	1
3332	1
3334	1
3335	1
3337	2
3338	2
3339	1
3341	1
3343	1
3344	2
3345	1
3346	1
3347	1
3348	1
3349	1
3350	2
3351	2
3352	1
3353	2
3356	1
3357	1
3358	1
3359	1
3360	3
3361	1
3362	1
3363	1
3364	1
3366	1
3368	1
3370	1
3372	1
3373	1
3374	1
3375	2
3378	1
3380	1
3384	2
3385	1
3387	1
3394	1
3399	1
3404	2
3405	1
3406	1
3409	1
3413	1
3416	1
3417	1
3421	2
3426	4
3429	2
3430	1
3432	1
3434	1
3437	1
3442	1
3445	1
3446	1
3447	1
3448	1
3449	1
3451	2
3452	1
3453	2
3461	2
3462	1
3464	1
3465	1
3468	3
3470	3
3471	2
3473	2
3474	2
3475	1
3478	3
3480	3
3481	5
3482	1
3483	3
3485	1
3488	4
3489	1
3490	3
3493	1
3494	1
3496	1
3498	1
3499	1
3500	3
3501	1
3502	1
3506	1
3507	2
3509	2
3510	2
3513	2
3516	2
3517	1
3520	2
3521	1
3524	1
3528	1
3529	2
3530	1
3531	3
3541	2
3542	1
3550	1
3553	2
3554	2
3555	1
3562	1
3564	2
3568	1
3569	1
3573	1
3578	1
3584	2
3587	2
3592	1
3594	1
3596	1
3602	1
3605	1
3608	1
3610	1
3611	1
3615	1
3616	2
3618	1
3620	1
3621	1
3622	1
3628	2
3633	1
3640	1
3645	1
3646	1
3648	1
3656	1
3661	1
3715	1
3721	1
3724	1
3729	1
3730	1
3738	1
3746	1
3748	1
3751	2
3756	1
3758	1
3768	1
3786	1
3809	1
3811	1
3812	1
3831	1
3832	1
3835	1
3836	1
3837	1
3840	1
3845	1
3853	1
3854	1
3857	2
3866	1
3871	1
3875	2
3886	1
3887	1
3888	2
3894	1
3895	1
3897	1
3898	1
3900	1
3901	1
3913	1
3919	1
3926	1
3932	2
3933	1
3936	1
3937	1
3938	1
3942	1
3944	2
3946	2
3947	1
3948	2
3949	2
3950	2
3951	1
3953	1
3956	1
3960	1
3967	1
3968	2
3973	1
3976	1
3977	1
3983	1
3988	1
3992	1
3994	3
4000	1
4001	2
4004	1
4007	1
4008	1
4009	1
4011	2
4013	1
4017	1
4023	2
4024	2
4026	1
4027	1
4029	1
4031	1
4034	2
4035	3
4036	2
4042	1
4043	4
4044	3
4047	1
4048	1
4050	1
4051	1
4052	1
4053	1
4054	1
4056	2
4057	1
4058	1
4060	1
4062	1
4063	2
4064	2
4065	1
4066	2
4067	1
4069	2
4070	1
4071	2
4075	1
4076	3
4078	2
4079	5
4081	2
4082	1
4083	1
4084	1
4086	4
4087	2
4088	1
4089	1
4090	2
4091	1
4092	1
4093	2
4094	1
4095	3
4096	1
4097	1
4098	3
4099	2
4100	1
4101	1
4102	2
4103	2
4104	1
4106	2
4107	3
4108	1
4110	3
4111	4
4112	1
4114	3
4115	1
4116	1
4117	2
4118	1
4119	1
4120	3
4121	1
4122	1
4123	2
4124	1
4125	2
4126	1
4128	1
4129	4
4131	2
4133	1
4135	1
4136	1
4137	2
4138	2
4139	2
4140	2
4141	1
4143	2
4144	1
4146	1
4147	1
4149	1
4150	2
4151	3
4153	2
4155	1
4158	1
4159	4
4160	1
4161	1
4162	2
4163	1
4165	3
4166	1
4167	1
4168	1
4169	2
4170	1
4174	1
4176	4
4178	1
4179	1
4180	1
4181	1
4184	1
4185	3
4186	2
4187	2
4188	2
4191	2
4193	1
4194	1
4196	3
4197	2
4199	1
4201	3
4202	2
4203	2
4205	1
4208	1
4209	2
4211	2
4216	1
4219	1
4221	1
4223	3
4227	1
4228	1
4230	1
4231	1
4232	1
4234	1
4235	1
4236	1
4242	2
4244	1
4246	2
4249	1
4250	1
4252	1
4253	1
4256	1
4257	1
4265	1
4266	1
4270	1
4279	1
4280	1
4283	1
4285	2
4286	1
4289	1
4290	1
4291	1
4293	2
4295	1
4296	1
4298	1
4310	1
4313	1
4315	1
4317	1
4319	1
4321	2
4323	1
4324	1
4325	1
4329	1
4331	1
4333	2
4335	2
4341	3
4342	1
4344	1
4346	1
4347	1
4348	1
4351	1
4352	1
4369	1
4378	1
4381	1
4385	1
4387	1
4389	1
4391	2
4395	1
4396	1
4399	1
4402	1
4403	1
4404	1
4408	1
4409	1
4414	2
4416	1
4417	2
4421	1
4425	1
4426	3
4430	2
4431	1
4437	1
4438	1
4440	1
4443	1
4445	2
4449	1
4450	1
4451	1
4452	2
4454	1
4461	1
4464	1
4475	1
4487	1
4488	1
4517	1
4520	1
4528	1
4531	1
4534	1
4546	1
4547	1
4564	2
4579	1
4580	1
4581	1
4585	2
4586	1
4599	1
4600	1
4610	2
4624	1
4627	1
4635	2
4638	1
4648	1
4649	1
4658	1
4660	1
4663	1
4670	2
4675	1
4680	1
4681	1
4688	1
4699	1
4706	1
4711	1
4714	2
4717	1
4722	1
4723	1
4731	1
4739	1
4741	1
4749	1
4765	2
4767	1
4780	1
4784	1
4797	1
4799	2
4811	1
4815	1
4825	1
4827	1
4832	1
4843	1
4845	1
4855	2
4857	1
4865	1
4868	1
4870	1
4881	1
4887	2
4888	1
4889	1
4894	1
4896	1
4898	2
4911	1
4923	1
4929	1
4936	1
4938	1
4939	1
4940	1
4943	1
4946	1
4948	1
4949	1
4950	1
4951	1
4953	3
4965	1
4967	1
4993	1
5001	1
5011	1
5047	1
5056	1
5083	1
5092	1
5116	1
5128	1
5156	1
5163	1
5181	1
5195	1
5203	1
5280	1
5292	1
5296	1
5304	1
5315	1
5318	1
5331	1
5333	1
5339	1
5346	1
5354	1
5373	2
5385	1
5395	1
5401	1
5405	1
5408	1
5410	1
5418	1
5435	1
5444	1
5464	1
5466	1
5470	1
5492	1
5494	1
5515	1
5526	1
5529	1
5537	1
5540	1
5543	1
5546	1
5550	1
5555	1
5556	1
5601	1
5603	1
5608	1
5617	1
5620	1
5624	1
5625	1
5666	1
5673	1
5691	1
5696	1
5697	1
5699	1
5729	1
5739	1
5754	1
5758	1
5774	1
5787	1
5789	1
5793	1
5805	1
5836	1
5862	1
5869	1
5874	1
5877	1
5885	1
5893	1
5898	1
5907	1
5921	1
5934	1
5935	1
5941	2
5950	1
5958	1
5961	1
5963	1
5966	2
5980	1
5989	1
5990	1
5999	2
6007	1
6012	2
6016	1
6027	1
6038	2
6051	1
6052	1
6084	1
6174	1
6207	1
6211	1
6225	1
6235	2
6237	1
6241	1
6258	1
6300	1
6315	1
6316	1
6355	1
6398	1
6400	1
6473	1
6478	1
6481	1
6482	1
6490	1
6501	1
6505	1
6508	1
6533	1
6534	1
6536	1
6541	1
6542	1
6553	1
6555	1
6558	1
6564	1
6569	1
6571	1
6579	1
6589	1
6605	1
6608	1
6616	1
6620	1
6632	1
6640	1
6649	1
6657	1
6674	1
6707	1
6716	1
6734	1
6739	1
6740	1
6763	1
6773	1
6873	2
6876	1
6883	1
6941	1
6950	1
6955	1
6964	2
6966	1
6984	1
6985	1
6994	1
7000	1
7009	1
7012	1
7017	1
7024	2
7027	1
7029	1
7035	1
7036	2
7046	1
7051	1
7056	1
7061	1
7088	1
7104	1
7113	1
7125	1
7127	1
7132	1
7136	1
7144	1
7159	2
7181	1
7202	1
7273	1
7295	1
7303	1
7326	1
7344	1
7354	1
7371	1
7374	1
7379	1
7385	1
7388	2
7434	1
7441	1
7442	1
7458	1
7470	1
7477	1
7486	1
7490	1
7501	1
7516	1
7788	1
7812	1
7948	2
8237	1
8251	1
8255	1
8272	1
8277	1
8308	1
8309	1
8329	1
8506	1
8528	1
8538	1
8560	1
8563	1
8577	1
8603	1
8638	1
8655	1
8729	1
8767	1
8768	1
8903	1
8931	1
8933	1
8972	1
8984	1
9010	3
9021	1
9024	1
9025	1
9029	1
9059	1
9067	1
9073	1
9077	1
9115	1
9122	1
9133	1
9141	1
9162	1
9195	1
9238	1
9239	1
9249	1
9258	1
9281	1
9307	1
9310	1
9359	1
9518	1
9519	1
9540	1
9577	1
10076	1
10081	1
10098	1
10136	2
10151	1
10185	1
10214	1
10224	1
10741	1
10806	1
10816	1
10843	1
10849	1
10853	1
10941	1
10946	1
11478	1
11504	1
11532	1
11774	1
12007	1
12225	1
12324	1
12390	1
12400	1
12416	1
12434	1
12438	1
12448	1
12452	1
12462	1
12495	1
12496	1
12506	2
12528	1
12543	1
12557	1
12600	1
12602	1
12613	1
12635	1
12639	1
12655	1
12670	1
12672	1
12693	1
12696	1
12705	1
12708	1
12715	1
12728	1
12730	1
12741	1
12742	1
12744	1
12758	1
13004	1
13044	1
13602	1
13603	1
13911	1
13937	1
13949	1
13966	1
13995	1
14013	1
14048	1
14053	1
14089	1
14100	1
14220	1
14237	1
14311	1
14349	1
14382	1
14449	1
14450	1
14461	1
17242	1
21551	1
100000	2
