#Depth	Count
1	157859878
2	6178182
3	2273259
4	1217011
5	624451
6	418481
7	260584
8	194624
9	137081
10	108441
11	83250
12	68364
13	56191
14	47720
15	40759
16	35502
17	31394
18	27512
19	24981
20	22799
21	20568
22	18727
23	16991
24	15648
25	14298
26	13295
27	12464
28	11297
29	10502
30	9602
31	9068
32	8348
33	7827
34	7280
35	6821
36	6469
37	6348
38	5801
39	5471
40	5382
41	5057
42	4956
43	4389
44	4250
45	4128
46	4046
47	3648
48	3547
49	3481
50	3265
51	3190
52	3115
53	2981
54	2960
55	2887
56	2626
57	2525
58	2361
59	2277
60	2281
61	2223
62	2185
63	2129
64	2055
65	2079
66	1915
67	1851
68	1806
69	1784
70	1666
71	1683
72	1561
73	1613
74	1689
75	1584
76	1457
77	1470
78	1332
79	1342
80	1416
81	1382
82	1288
83	1238
84	1220
85	1179
86	1138
87	1159
88	1094
89	1094
90	1054
91	1065
92	1006
93	1000
94	979
95	963
96	950
97	890
98	885
99	836
100	821
101	809
102	757
103	747
104	750
105	830
106	677
107	747
108	734
109	688
110	655
111	675
112	692
113	706
114	663
115	612
116	627
117	648
118	629
119	617
120	588
121	522
122	555
123	587
124	561
125	511
126	561
127	512
128	503
129	520
130	530
131	571
132	550
133	519
134	490
135	501
136	463
137	455
138	467
139	426
140	463
141	453
142	396
143	415
144	414
145	387
146	373
147	400
148	365
149	345
150	383
151	356
152	401
153	380
154	326
155	359
156	331
157	367
158	322
159	402
160	328
161	347
162	309
163	326
164	294
165	307
166	309
167	298
168	318
169	272
170	288
171	289
172	307
173	276
174	277
175	276
176	316
177	288
178	248
179	263
180	259
181	253
182	231
183	235
184	229
185	256
186	240
187	251
188	252
189	223
190	222
191	238
192	249
193	218
194	220
195	213
196	232
197	245
198	226
199	216
200	229
201	215
202	189
203	226
204	205
205	215
206	212
207	188
208	204
209	186
210	164
211	187
212	168
213	188
214	173
215	180
216	194
217	183
218	164
219	181
220	183
221	159
222	180
223	170
224	161
225	188
226	169
227	136
228	143
229	175
230	142
231	172
232	160
233	133
234	129
235	148
236	152
237	139
238	135
239	142
240	170
241	143
242	133
243	137
244	135
245	130
246	134
247	153
248	170
249	146
250	135
251	96
252	150
253	111
254	140
255	125
256	117
257	135
258	108
259	120
260	118
261	118
262	109
263	113
264	130
265	116
266	110
267	127
268	125
269	131
270	94
271	123
272	116
273	111
274	114
275	119
276	107
277	109
278	126
279	93
280	94
281	117
282	112
283	99
284	112
285	107
286	119
287	98
288	94
289	117
290	111
291	96
292	101
293	99
294	101
295	107
296	96
297	92
298	81
299	112
300	85
301	113
302	85
303	106
304	102
305	74
306	97
307	94
308	88
309	100
310	74
311	75
312	78
313	102
314	79
315	78
316	97
317	111
318	77
319	90
320	91
321	93
322	90
323	73
324	84
325	76
326	110
327	77
328	68
329	88
330	74
331	70
332	84
333	88
334	73
335	87
336	65
337	77
338	62
339	63
340	72
341	71
342	76
343	82
344	71
345	67
346	70
347	67
348	52
349	75
350	64
351	74
352	77
353	67
354	75
355	75
356	78
357	76
358	54
359	63
360	78
361	67
362	72
363	54
364	56
365	58
366	55
367	53
368	66
369	58
370	70
371	41
372	71
373	55
374	64
375	65
376	53
377	54
378	55
379	54
380	48
381	66
382	66
383	62
384	63
385	60
386	58
387	60
388	50
389	49
390	57
391	63
392	63
393	63
394	61
395	59
396	59
397	54
398	54
399	44
400	63
401	56
402	41
403	51
404	41
405	49
406	51
407	61
408	63
409	43
410	56
411	53
412	66
413	49
414	43
415	57
416	47
417	51
418	53
419	56
420	44
421	37
422	39
423	49
424	55
425	50
426	50
427	53
428	50
429	41
430	41
431	47
432	38
433	51
434	41
435	52
436	49
437	44
438	48
439	51
440	39
441	48
442	39
443	37
444	41
445	58
446	33
447	50
448	48
449	42
450	40
451	44
452	41
453	39
454	40
455	48
456	36
457	36
458	53
459	37
460	39
461	37
462	40
463	44
464	33
465	45
466	43
467	35
468	42
469	45
470	41
471	26
472	37
473	35
474	37
475	40
476	34
477	39
478	32
479	49
480	47
481	37
482	44
483	31
484	29
485	38
486	32
487	28
488	45
489	22
490	38
491	43
492	35
493	26
494	26
495	43
496	28
497	43
498	34
499	28
500	46
501	38
502	29
503	27
504	35
505	29
506	33
507	40
508	39
509	31
510	30
511	34
512	33
513	37
514	39
515	33
516	26
517	31
518	42
519	31
520	42
521	30
522	45
523	27
524	35
525	34
526	43
527	35
528	43
529	42
530	32
531	33
532	33
533	35
534	39
535	36
536	22
537	39
538	39
539	35
540	37
541	27
542	33
543	34
544	30
545	28
546	24
547	28
548	35
549	21
550	33
551	27
552	25
553	26
554	32
555	25
556	29
557	31
558	33
559	25
560	25
561	32
562	27
563	37
564	30
565	34
566	29
567	39
568	25
569	32
570	22
571	38
572	25
573	37
574	29
575	26
576	29
577	24
578	25
579	32
580	23
581	16
582	22
583	32
584	37
585	30
586	21
587	45
588	25
589	25
590	31
591	25
592	22
593	29
594	22
595	27
596	27
597	30
598	18
599	29
600	25
601	26
602	35
603	24
604	26
605	29
606	19
607	23
608	26
609	24
610	26
611	31
612	19
613	28
614	35
615	24
616	24
617	26
618	38
619	39
620	28
621	29
622	23
623	21
624	20
625	23
626	28
627	25
628	27
629	26
630	30
631	23
632	25
633	24
634	30
635	25
636	21
637	32
638	28
639	31
640	19
641	26
642	21
643	35
644	30
645	26
646	28
647	25
648	26
649	26
650	28
651	25
652	34
653	24
654	21
655	23
656	26
657	28
658	15
659	18
660	26
661	22
662	27
663	22
664	21
665	27
666	27
667	21
668	20
669	20
670	18
671	26
672	29
673	19
674	24
675	21
676	24
677	14
678	18
679	23
680	21
681	23
682	25
683	23
684	31
685	18
686	23
687	21
688	15
689	30
690	18
691	20
692	23
693	20
694	18
695	14
696	24
697	15
698	21
699	23
700	12
701	20
702	21
703	20
704	17
705	20
706	10
707	16
708	19
709	15
710	23
711	19
712	23
713	16
714	22
715	15
716	21
717	15
718	20
719	18
720	17
721	25
722	22
723	15
724	14
725	16
726	19
727	22
728	17
729	24
730	17
731	20
732	15
733	17
734	23
735	12
736	14
737	21
738	16
739	22
740	22
741	23
742	23
743	17
744	28
745	16
746	21
747	23
748	13
749	18
750	19
751	20
752	18
753	19
754	10
755	17
756	13
757	21
758	23
759	16
760	14
761	20
762	19
763	19
764	21
765	12
766	17
767	10
768	17
769	13
770	16
771	16
772	18
773	21
774	16
775	17
776	20
777	12
778	19
779	24
780	17
781	13
782	18
783	15
784	17
785	13
786	19
787	12
788	17
789	16
790	16
791	13
792	13
793	17
794	26
795	14
796	19
797	12
798	14
799	15
800	21
801	21
802	20
803	13
804	11
805	21
806	21
807	17
808	15
809	17
810	10
811	22
812	10
813	18
814	14
815	11
816	24
817	24
818	17
819	9
820	15
821	13
822	12
823	18
824	9
825	13
826	20
827	10
828	15
829	17
830	13
831	14
832	15
833	14
834	11
835	12
836	14
837	13
838	14
839	15
840	14
841	12
842	16
843	15
844	16
845	22
846	12
847	16
848	17
849	11
850	17
851	14
852	9
853	21
854	18
855	22
856	14
857	12
858	13
859	14
860	12
861	14
862	11
863	17
864	14
865	9
866	15
867	13
868	16
869	19
870	17
871	16
872	15
873	14
874	18
875	18
876	13
877	12
878	12
879	12
880	16
881	10
882	10
883	14
884	18
885	12
886	11
887	12
888	11
889	14
890	13
891	12
892	9
893	6
894	12
895	20
896	12
897	13
898	17
899	14
900	11
901	10
902	17
903	15
904	13
905	12
906	10
907	9
908	9
909	14
910	9
911	11
912	15
913	11
914	13
915	21
916	15
917	18
918	12
919	16
920	9
921	12
922	17
923	12
924	15
925	13
926	10
927	15
928	13
929	18
930	12
931	6
932	12
933	16
934	11
935	17
936	6
937	14
938	16
939	16
940	9
941	11
942	9
943	14
944	14
945	9
946	12
947	12
948	9
949	13
950	17
951	9
952	7
953	11
954	10
955	7
956	8
957	9
958	12
959	14
960	15
961	7
962	11
963	16
964	10
965	8
966	10
967	10
968	12
969	13
970	7
971	14
972	17
973	14
974	12
975	8
976	9
977	13
978	13
979	13
980	7
981	4
982	12
983	9
984	10
985	13
986	11
987	20
988	7
989	12
990	16
991	11
992	11
993	16
994	6
995	9
996	12
997	11
998	11
999	13
1000	8
1001	6
1002	11
1003	8
1004	5
1005	17
1006	9
1007	9
1008	19
1009	7
1010	13
1011	11
1012	12
1013	4
1014	13
1015	15
1016	6
1017	9
1018	12
1019	9
1020	4
1021	12
1022	10
1023	6
1024	7
1025	14
1026	9
1027	13
1028	10
1029	10
1030	12
1031	6
1032	12
1033	7
1034	7
1035	11
1036	4
1037	8
1038	6
1039	13
1040	9
1041	13
1042	5
1043	6
1044	9
1045	20
1046	14
1047	7
1048	13
1049	8
1050	8
1051	8
1052	10
1053	6
1054	3
1055	10
1056	9
1057	10
1058	7
1059	7
1060	5
1061	4
1062	10
1063	7
1064	6
1065	4
1066	14
1067	5
1068	15
1069	13
1070	12
1071	11
1072	3
1073	12
1074	6
1075	15
1076	7
1077	2
1078	15
1079	9
1080	16
1081	10
1082	6
1083	5
1084	5
1085	8
1086	7
1087	9
1088	8
1089	6
1090	16
1091	7
1092	7
1093	11
1094	12
1095	6
1096	5
1097	11
1098	9
1099	3
1100	3
1101	8
1102	6
1103	3
1104	8
1105	6
1106	11
1107	7
1108	12
1109	11
1110	8
1111	7
1112	15
1113	10
1114	8
1115	10
1116	7
1117	9
1118	9
1119	13
1120	6
1121	4
1122	12
1123	6
1124	11
1125	9
1126	10
1127	9
1128	8
1129	6
1130	11
1131	13
1132	7
1133	5
1134	9
1135	12
1136	11
1137	9
1138	12
1139	11
1140	16
1141	7
1142	8
1143	10
1144	10
1145	12
1146	6
1147	6
1148	14
1149	8
1150	9
1151	6
1152	6
1153	10
1154	12
1155	5
1156	5
1157	9
1158	11
1159	4
1160	14
1161	5
1162	10
1163	4
1164	4
1165	6
1166	8
1167	12
1168	8
1169	4
1170	3
1171	2
1172	6
1173	6
1174	6
1175	6
1176	7
1177	9
1178	5
1179	6
1180	7
1181	7
1182	8
1183	7
1184	8
1185	8
1186	13
1187	5
1188	8
1189	5
1190	12
1191	8
1192	6
1193	9
1194	7
1195	8
1196	10
1197	5
1198	5
1199	5
1200	6
1201	7
1202	7
1203	7
1204	8
1205	3
1206	5
1207	5
1208	7
1209	4
1210	4
1211	6
1212	6
1213	6
1214	6
1215	4
1216	4
1217	6
1218	3
1219	10
1220	4
1221	5
1222	4
1223	7
1224	10
1225	5
1226	4
1227	7
1228	6
1229	7
1230	8
1231	6
1232	4
1233	3
1234	4
1235	8
1236	6
1237	5
1238	6
1239	8
1240	4
1241	6
1242	6
1243	7
1244	5
1245	5
1246	5
1247	8
1248	6
1249	3
1250	16
1251	8
1252	7
1253	6
1254	9
1255	9
1256	5
1257	4
1258	8
1259	4
1260	6
1261	7
1262	5
1263	4
1264	7
1265	4
1266	9
1267	5
1268	7
1269	9
1270	5
1271	5
1272	7
1273	7
1274	9
1275	4
1276	5
1277	5
1278	8
1279	1
1280	7
1281	5
1282	2
1283	4
1284	5
1285	5
1286	5
1287	8
1288	5
1289	8
1290	4
1291	5
1292	9
1293	9
1294	5
1295	9
1296	4
1297	5
1298	4
1299	3
1300	7
1301	7
1302	7
1303	6
1304	5
1305	5
1306	7
1307	3
1308	7
1309	4
1310	5
1311	4
1312	6
1313	11
1314	6
1315	3
1316	5
1317	6
1318	5
1319	4
1320	3
1321	3
1322	3
1323	7
1324	9
1325	4
1326	6
1327	6
1328	4
1329	3
1330	4
1331	6
1332	11
1333	5
1335	5
1336	4
1337	8
1338	7
1339	7
1340	3
1341	4
1342	3
1343	6
1344	1
1345	10
1346	6
1347	7
1348	6
1349	6
1350	9
1351	4
1352	4
1353	5
1354	6
1355	4
1356	8
1357	5
1358	2
1359	6
1360	8
1361	3
1362	5
1363	3
1364	3
1365	2
1366	8
1367	4
1368	5
1369	3
1370	4
1371	4
1372	4
1373	2
1374	5
1375	4
1376	8
1377	1
1378	4
1379	9
1380	6
1381	5
1382	1
1383	4
1384	7
1385	6
1386	2
1387	1
1388	2
1389	3
1390	7
1391	7
1392	4
1393	3
1394	5
1395	6
1396	2
1397	6
1398	9
1399	6
1400	4
1401	2
1402	5
1403	2
1404	4
1405	3
1406	5
1407	4
1408	6
1409	9
1410	5
1411	6
1412	6
1413	9
1414	12
1415	3
1416	7
1417	7
1418	8
1419	6
1420	2
1421	5
1422	5
1423	2
1424	7
1425	7
1426	3
1427	1
1428	7
1429	2
1430	1
1431	3
1432	4
1433	7
1434	4
1435	5
1436	5
1437	4
1438	4
1439	4
1440	4
1441	8
1442	4
1443	6
1444	5
1445	2
1446	2
1447	5
1448	5
1449	6
1450	5
1451	10
1452	2
1453	4
1454	6
1455	4
1456	1
1457	2
1458	2
1459	4
1460	5
1461	4
1462	4
1463	4
1464	5
1465	4
1466	3
1467	6
1468	3
1469	4
1470	2
1471	2
1472	7
1473	4
1474	2
1475	3
1476	2
1477	2
1478	3
1479	2
1480	2
1481	6
1482	3
1483	2
1484	6
1485	4
1486	3
1487	3
1488	7
1489	3
1490	3
1491	6
1492	5
1493	4
1494	5
1495	3
1496	5
1497	1
1498	8
1499	5
1500	5
1501	2
1502	4
1503	5
1504	5
1505	2
1506	4
1507	1
1508	2
1510	8
1511	6
1512	5
1514	1
1515	6
1516	3
1517	2
1518	1
1519	3
1520	3
1521	5
1522	2
1523	8
1524	5
1525	3
1526	3
1527	3
1528	4
1529	2
1530	2
1531	3
1532	5
1533	6
1534	3
1535	6
1536	4
1537	1
1538	4
1539	4
1540	3
1541	2
1542	3
1543	8
1544	5
1545	5
1546	2
1547	5
1548	2
1549	3
1550	3
1551	5
1552	2
1553	1
1554	5
1555	2
1556	3
1557	4
1558	4
1559	4
1560	5
1561	3
1562	2
1563	4
1564	5
1565	1
1566	2
1567	2
1568	4
1569	2
1570	3
1571	3
1572	3
1573	4
1574	5
1575	4
1576	3
1577	2
1578	4
1580	2
1581	3
1582	1
1583	4
1584	4
1585	3
1586	5
1587	5
1588	5
1589	6
1590	5
1591	4
1592	2
1593	6
1594	3
1595	10
1596	7
1597	3
1598	3
1599	3
1600	3
1601	6
1602	1
1603	2
1604	2
1605	5
1606	1
1607	3
1608	4
1609	7
1610	7
1611	6
1612	1
1613	4
1614	8
1615	3
1616	1
1617	3
1618	6
1619	4
1620	7
1621	4
1622	2
1623	1
1624	3
1625	1
1626	8
1627	4
1628	7
1629	2
1630	6
1631	1
1632	1
1633	1
1634	4
1635	1
1636	2
1637	2
1638	3
1639	7
1640	1
1641	4
1642	4
1643	2
1644	2
1645	2
1646	4
1647	3
1649	8
1650	1
1651	3
1653	4
1654	4
1655	7
1656	2
1657	3
1658	4
1659	3
1660	7
1661	8
1662	3
1663	6
1666	1
1667	3
1668	2
1669	1
1670	1
1671	3
1672	1
1673	3
1674	4
1675	6
1676	2
1677	2
1678	4
1679	4
1680	7
1681	3
1682	7
1683	3
1684	4
1685	4
1686	3
1687	4
1688	4
1689	4
1690	8
1691	2
1692	3
1693	2
1694	3
1695	4
1696	3
1697	3
1698	3
1699	5
1700	1
1701	6
1702	3
1703	4
1704	3
1705	3
1706	7
1707	6
1709	6
1710	7
1711	2
1712	1
1713	1
1714	4
1715	2
1716	4
1717	2
1718	3
1719	5
1720	2
1721	4
1722	4
1724	4
1725	4
1726	7
1727	3
1728	3
1729	3
1730	2
1731	3
1732	2
1733	3
1734	3
1735	3
1736	4
1737	1
1738	2
1739	8
1740	5
1741	6
1742	1
1743	2
1744	2
1745	2
1746	4
1747	3
1748	7
1749	3
1750	4
1751	4
1752	1
1753	3
1754	2
1755	6
1756	6
1757	2
1758	3
1759	10
1760	1
1761	2
1762	1
1763	3
1764	2
1765	3
1766	2
1767	2
1768	1
1770	1
1771	1
1772	1
1773	3
1774	6
1776	2
1777	4
1778	1
1779	2
1780	1
1781	2
1782	5
1783	1
1784	3
1785	6
1786	1
1787	2
1789	2
1790	4
1791	3
1792	2
1793	1
1794	1
1795	2
1796	2
1797	1
1798	4
1799	4
1800	2
1801	3
1802	6
1803	3
1804	3
1805	2
1806	2
1807	3
1809	5
1810	1
1811	3
1813	4
1814	2
1815	2
1816	2
1817	4
1819	4
1820	1
1821	3
1822	3
1823	1
1824	3
1825	5
1826	1
1827	1
1828	3
1829	2
1830	3
1831	1
1832	2
1833	3
1834	4
1835	1
1836	8
1837	1
1838	3
1839	4
1840	3
1841	3
1842	3
1843	3
1844	1
1846	5
1847	3
1848	4
1849	3
1850	2
1851	2
1852	4
1853	1
1854	4
1855	2
1856	1
1857	1
1858	3
1859	2
1860	2
1861	2
1862	3
1863	2
1864	3
1865	2
1866	2
1867	1
1868	4
1869	3
1870	2
1873	3
1874	4
1875	1
1876	5
1877	1
1878	1
1879	1
1880	1
1882	3
1883	3
1884	2
1885	2
1886	3
1887	3
1889	1
1890	2
1891	2
1892	2
1893	4
1894	2
1896	1
1897	3
1898	2
1900	1
1901	1
1902	1
1903	3
1904	1
1905	2
1906	3
1907	2
1908	4
1909	2
1910	1
1911	4
1912	4
1913	3
1914	3
1915	2
1916	2
1917	12
1918	2
1919	2
1920	3
1921	2
1922	2
1923	2
1925	3
1926	1
1928	5
1929	1
1930	1
1931	3
1932	2
1933	1
1934	2
1935	4
1936	1
1937	2
1938	1
1939	1
1940	1
1941	1
1942	1
1945	2
1946	3
1947	2
1948	5
1949	2
1950	1
1951	1
1952	4
1953	4
1954	3
1956	3
1957	5
1958	1
1959	3
1960	1
1962	1
1963	2
1965	3
1966	4
1967	2
1968	1
1969	2
1970	1
1971	3
1972	1
1973	2
1974	2
1977	2
1978	1
1979	5
1980	2
1981	2
1982	2
1983	1
1984	1
1985	2
1986	2
1987	5
1988	1
1989	2
1990	3
1991	3
1992	1
1993	3
1994	2
1995	2
1996	3
1997	4
1999	3
2000	3
2001	6
2002	1
2003	3
2004	2
2005	1
2006	1
2007	1
2008	3
2009	3
2010	2
2011	2
2013	3
2014	1
2015	1
2016	2
2017	2
2018	2
2019	2
2020	2
2021	2
2022	2
2023	1
2024	3
2025	3
2026	1
2027	2
2028	3
2029	1
2030	1
2031	2
2032	1
2034	2
2036	2
2038	3
2039	2
2040	1
2041	4
2042	3
2043	3
2044	1
2045	3
2047	3
2048	1
2049	3
2050	3
2051	1
2052	5
2054	2
2055	3
2056	3
2057	2
2058	1
2060	4
2061	1
2062	4
2063	6
2064	1
2066	2
2067	4
2068	1
2069	3
2070	3
2071	5
2072	1
2073	4
2074	1
2076	2
2077	3
2078	4
2079	3
2080	1
2081	5
2083	1
2084	2
2085	1
2086	1
2087	1
2088	1
2089	1
2090	2
2091	1
2092	3
2093	3
2095	4
2096	1
2097	1
2099	1
2101	1
2102	1
2103	4
2105	1
2106	1
2107	6
2108	1
2109	1
2110	4
2111	1
2112	3
2113	1
2114	2
2115	2
2116	2
2117	2
2118	1
2120	3
2121	1
2122	1
2123	1
2124	1
2125	1
2127	2
2128	2
2130	4
2131	1
2132	5
2133	6
2134	2
2135	2
2136	1
2137	1
2138	5
2139	6
2141	3
2142	2
2143	1
2145	1
2146	3
2147	3
2148	3
2149	1
2150	5
2151	1
2152	1
2153	1
2154	1
2155	4
2157	4
2158	1
2160	1
2161	4
2162	2
2163	2
2164	2
2165	3
2166	3
2167	1
2169	4
2170	3
2171	1
2173	3
2175	3
2178	1
2180	3
2181	1
2182	1
2183	1
2184	2
2185	2
2186	2
2190	4
2191	3
2193	1
2194	2
2195	2
2196	6
2197	1
2198	2
2199	1
2200	1
2201	1
2202	2
2203	2
2204	1
2206	2
2207	2
2208	1
2210	3
2211	1
2212	2
2214	2
2216	2
2217	1
2218	2
2219	1
2220	4
2221	1
2222	4
2223	2
2224	2
2226	1
2227	1
2229	1
2232	2
2234	2
2235	1
2237	1
2239	6
2241	2
2242	4
2243	2
2244	3
2245	1
2246	2
2247	4
2248	3
2250	3
2252	1
2253	1
2255	1
2256	4
2259	2
2260	2
2261	1
2262	1
2263	4
2264	1
2267	3
2268	3
2269	2
2270	2
2271	4
2272	2
2273	4
2274	1
2275	2
2276	1
2277	1
2278	5
2279	5
2280	1
2281	2
2284	2
2285	2
2286	3
2287	2
2288	2
2290	1
2291	1
2292	3
2294	1
2296	2
2297	3
2298	3
2299	1
2301	1
2302	2
2303	2
2304	2
2305	2
2306	1
2307	2
2308	2
2309	1
2311	1
2313	2
2314	3
2315	2
2316	1
2318	1
2319	2
2321	3
2322	1
2323	4
2324	1
2325	2
2326	2
2327	1
2328	2
2329	1
2330	1
2331	2
2332	2
2334	1
2338	1
2339	1
2340	2
2341	1
2342	1
2343	3
2344	1
2345	1
2346	1
2347	4
2348	1
2349	1
2350	1
2351	5
2352	1
2353	2
2354	1
2356	3
2357	1
2358	2
2359	2
2360	4
2361	2
2362	2
2363	3
2364	2
2366	4
2367	3
2370	2
2371	3
2372	2
2374	1
2375	4
2376	2
2379	1
2380	2
2381	5
2382	3
2383	1
2384	2
2385	2
2386	2
2388	3
2389	3
2390	6
2391	2
2392	1
2393	4
2394	2
2395	2
2396	2
2397	1
2399	1
2401	1
2403	1
2405	1
2406	1
2407	1
2408	2
2409	2
2410	2
2411	2
2412	1
2413	1
2414	2
2415	2
2416	1
2419	2
2421	1
2422	2
2423	2
2428	3
2429	2
2430	2
2431	1
2432	3
2433	1
2434	2
2436	1
2438	1
2439	2
2441	2
2442	2
2443	2
2445	1
2448	1
2449	1
2450	1
2452	1
2453	2
2455	2
2456	2
2457	1
2459	2
2462	3
2463	3
2464	3
2465	2
2466	1
2467	1
2469	1
2470	5
2471	1
2472	1
2473	4
2474	2
2475	1
2476	2
2477	2
2478	1
2480	1
2481	1
2482	2
2484	1
2485	2
2486	2
2488	2
2489	2
2490	1
2492	4
2493	1
2494	2
2495	3
2496	2
2498	2
2499	1
2500	1
2501	1
2502	1
2505	2
2506	1
2507	1
2508	1
2509	1
2510	1
2511	1
2513	1
2516	2
2517	3
2518	2
2519	2
2521	2
2522	1
2524	1
2525	1
2526	1
2527	1
2528	2
2529	1
2530	1
2532	3
2534	4
2535	2
2536	2
2537	3
2540	1
2541	1
2542	1
2543	2
2545	1
2546	1
2547	2
2548	1
2552	1
2553	2
2554	1
2556	1
2557	2
2558	1
2559	3
2560	3
2561	1
2562	2
2563	4
2564	1
2566	1
2567	4
2568	2
2569	1
2570	3
2572	4
2574	3
2575	1
2580	1
2581	1
2585	1
2587	3
2589	1
2590	1
2593	1
2594	2
2595	2
2596	3
2598	2
2599	1
2602	1
2603	2
2605	1
2607	2
2608	1
2609	1
2610	1
2611	1
2613	2
2617	3
2618	3
2621	2
2623	1
2624	1
2625	1
2626	3
2629	1
2630	2
2634	3
2635	1
2636	4
2644	1
2647	4
2648	3
2649	3
2652	1
2653	1
2654	1
2658	3
2659	1
2660	1
2661	3
2662	2
2663	1
2664	1
2665	1
2668	1
2669	2
2670	3
2671	3
2673	2
2675	1
2676	2
2678	1
2679	4
2680	2
2682	5
2684	1
2685	3
2688	2
2689	2
2690	1
2691	1
2692	1
2693	2
2695	2
2696	1
2698	2
2699	2
2700	1
2701	1
2703	1
2704	3
2705	1
2707	1
2708	1
2709	1
2713	1
2714	2
2715	1
2716	1
2717	1
2718	1
2719	2
2720	2
2722	1
2723	1
2724	1
2726	1
2727	1
2728	2
2729	3
2730	3
2732	1
2733	3
2734	2
2736	1
2737	3
2738	1
2740	1
2741	1
2742	3
2743	2
2744	2
2745	3
2746	1
2747	1
2748	3
2749	3
2750	1
2751	1
2754	1
2755	3
2756	2
2757	1
2758	1
2759	1
2760	1
2761	2
2762	1
2763	1
2764	1
2766	1
2767	1
2769	4
2771	2
2772	1
2774	1
2775	1
2776	1
2777	2
2779	3
2780	2
2783	1
2784	1
2785	1
2786	1
2787	3
2789	1
2791	2
2792	3
2793	1
2795	3
2797	1
2800	2
2802	1
2803	1
2804	1
2805	2
2808	2
2811	3
2813	1
2814	1
2816	1
2819	2
2821	1
2822	2
2824	1
2826	1
2827	1
2828	3
2830	1
2832	1
2833	3
2836	1
2838	1
2839	1
2843	2
2844	1
2849	1
2851	1
2852	3
2853	1
2854	3
2857	1
2858	2
2859	1
2863	1
2864	1
2865	2
2866	4
2867	3
2868	2
2869	1
2870	1
2871	2
2872	1
2873	1
2875	1
2876	1
2877	1
2878	1
2879	2
2880	1
2882	2
2884	4
2886	3
2887	2
2889	4
2890	1
2891	2
2892	4
2893	1
2896	1
2899	4
2900	1
2901	3
2903	2
2904	1
2905	1
2906	1
2909	2
2912	2
2914	1
2915	1
2916	2
2919	1
2920	1
2922	1
2923	2
2924	3
2926	1
2928	1
2929	1
2930	2
2932	2
2933	2
2934	1
2935	1
2936	1
2937	3
2940	1
2941	1
2944	2
2946	1
2947	2
2950	1
2953	2
2954	2
2955	2
2956	1
2960	4
2961	2
2962	2
2963	4
2964	1
2967	1
2968	1
2969	1
2970	1
2971	1
2972	1
2974	3
2975	2
2979	2
2981	1
2982	1
2983	2
2986	1
2987	1
2988	2
2989	1
2990	3
2991	1
2992	2
2993	1
2994	3
2995	3
2998	1
2999	2
3001	1
3005	1
3007	3
3008	1
3010	1
3013	2
3014	2
3015	1
3016	2
3018	1
3019	3
3020	1
3023	2
3025	3
3027	1
3028	1
3030	1
3031	4
3032	1
3033	1
3035	1
3036	2
3037	1
3038	1
3040	2
3042	2
3044	1
3045	1
3047	3
3048	1
3054	2
3055	1
3056	5
3058	2
3059	2
3064	2
3065	1
3067	1
3068	1
3069	1
3073	3
3076	1
3080	1
3081	1
3082	1
3084	1
3086	1
3087	1
3088	3
3089	1
3090	1
3094	1
3096	2
3100	1
3101	2
3102	1
3103	1
3106	2
3107	1
3109	2
3111	1
3114	1
3116	1
3117	1
3122	1
3123	1
3125	1
3127	1
3128	3
3129	1
3132	1
3133	1
3134	1
3135	1
3139	2
3140	1
3143	1
3144	2
3145	3
3146	1
3147	1
3151	2
3153	1
3154	2
3155	1
3156	3
3158	1
3159	1
3161	2
3162	3
3163	4
3164	1
3166	2
3167	1
3168	2
3172	2
3173	1
3174	1
3175	2
3176	2
3177	1
3179	1
3180	1
3181	3
3183	1
3185	1
3186	2
3187	1
3193	1
3195	1
3197	2
3198	1
3199	1
3200	1
3201	2
3204	4
3206	2
3208	1
3210	2
3214	1
3218	1
3221	2
3222	2
3224	2
3225	1
3226	1
3230	1
3231	1
3232	2
3235	1
3237	1
3239	1
3240	1
3241	1
3243	2
3244	3
3245	1
3246	1
3248	1
3249	1
3250	1
3252	2
3254	1
3255	2
3256	1
3257	1
3258	1
3259	1
3264	1
3265	3
3271	1
3273	1
3277	1
3279	1
3280	2
3281	1
3282	1
3283	1
3284	1
3288	1
3289	1
3292	2
3294	1
3296	2
3297	1
3298	1
3299	1
3301	1
3306	3
3307	1
3309	1
3310	1
3311	2
3312	2
3315	2
3316	1
3317	1
3318	1
3319	1
3326	1
3328	1
3331	1
3332	1
3334	1
3336	1
3337	1
3338	2
3340	1
3341	1
3342	2
3344	1
3345	1
3349	1
3350	1
3351	4
3352	2
3353	2
3355	1
3356	2
3357	1
3360	2
3362	1
3367	1
3370	2
3372	1
3374	1
3375	1
3376	2
3378	1
3380	1
3381	1
3387	1
3394	3
3395	1
3399	1
3401	4
3402	5
3404	2
3405	2
3406	3
3411	1
3413	2
3414	1
3422	1
3425	1
3426	2
3429	1
3430	1
3431	1
3432	1
3435	1
3436	1
3438	2
3440	1
3441	2
3443	2
3445	1
3446	1
3448	1
3449	2
3451	1
3452	1
3455	1
3457	2
3460	1
3461	1
3462	1
3464	1
3465	1
3466	2
3468	1
3469	3
3470	2
3475	1
3476	2
3478	2
3479	3
3481	1
3482	1
3483	1
3486	1
3491	1
3492	1
3493	2
3495	1
3498	1
3499	1
3501	1
3503	1
3507	1
3509	1
3510	2
3511	1
3514	1
3515	1
3516	1
3517	1
3521	1
3522	1
3523	2
3526	1
3527	1
3528	2
3529	3
3531	1
3533	1
3534	1
3538	1
3539	1
3540	1
3541	1
3542	3
3545	1
3548	2
3550	1
3556	2
3557	1
3558	1
3564	1
3566	1
3567	3
3571	1
3573	1
3574	1
3578	1
3580	1
3584	1
3585	3
3593	1
3597	1
3598	3
3601	1
3602	2
3604	1
3607	2
3609	6
3610	1
3611	2
3612	2
3614	1
3617	1
3618	2
3619	2
3622	2
3623	1
3625	1
3627	1
3628	1
3629	1
3634	2
3638	1
3642	1
3645	1
3649	1
3650	2
3651	1
3653	1
3654	1
3655	2
3656	1
3658	1
3661	1
3662	1
3663	2
3664	1
3665	1
3670	1
3673	3
3677	1
3679	2
3680	1
3681	1
3683	1
3684	1
3685	2
3688	2
3690	2
3698	1
3701	1
3706	2
3709	1
3710	1
3712	1
3713	1
3714	1
3716	1
3719	2
3720	1
3722	1
3728	1
3729	1
3733	1
3734	1
3737	1
3743	2
3750	2
3751	1
3754	2
3755	1
3758	1
3759	1
3760	1
3762	1
3763	1
3764	1
3769	2
3772	1
3774	1
3775	1
3776	1
3779	2
3780	1
3781	2
3782	1
3784	1
3785	2
3786	1
3787	1
3789	2
3790	1
3791	1
3793	2
3794	1
3799	2
3800	1
3806	1
3810	1
3812	1
3813	1
3814	2
3816	2
3817	2
3820	4
3821	2
3823	1
3824	1
3830	1
3834	1
3838	1
3839	1
3841	1
3842	1
3843	1
3845	1
3847	1
3852	1
3853	1
3858	2
3859	1
3860	2
3864	1
3866	1
3872	1
3880	1
3883	3
3884	1
3885	3
3887	1
3891	1
3892	1
3893	1
3894	1
3895	1
3896	2
3898	1
3899	1
3900	1
3901	1
3902	1
3904	2
3905	1
3908	1
3909	1
3911	1
3918	1
3927	1
3928	1
3930	1
3931	1
3933	1
3935	1
3939	3
3940	1
3941	1
3944	1
3945	2
3946	1
3947	1
3950	2
3953	1
3957	1
3958	2
3962	1
3965	1
3967	1
3968	1
3975	1
3976	1
3981	2
3983	1
3987	1
3988	1
3996	2
3997	1
3999	1
4001	2
4005	1
4007	1
4008	2
4009	1
4011	1
4012	1
4014	1
4018	1
4025	1
4026	1
4028	1
4030	1
4031	1
4034	1
4035	1
4037	1
4039	1
4040	1
4041	1
4052	2
4053	2
4054	1
4056	1
4062	1
4066	1
4067	2
4078	1
4079	1
4081	1
4082	2
4084	1
4086	1
4087	1
4088	1
4098	1
4101	1
4103	1
4105	1
4108	1
4118	1
4122	1
4123	1
4124	1
4133	2
4134	1
4136	1
4137	2
4140	2
4142	1
4144	2
4146	3
4148	3
4149	1
4150	3
4151	1
4152	2
4153	1
4154	1
4155	2
4162	1
4165	1
4166	1
4168	1
4172	1
4175	1
4176	2
4177	2
4178	1
4180	1
4182	1
4184	1
4191	1
4194	1
4195	2
4198	1
4204	1
4205	1
4211	1
4213	1
4214	1
4218	1
4219	1
4223	1
4225	1
4230	1
4232	1
4234	1
4235	2
4244	1
4249	1
4250	1
4254	1
4257	2
4258	1
4259	1
4270	1
4271	1
4272	1
4273	1
4278	1
4280	1
4285	1
4287	2
4290	1
4291	2
4292	2
4298	2
4299	1
4302	2
4303	2
4304	1
4310	1
4311	1
4312	1
4313	1
4316	1
4320	1
4321	1
4324	1
4326	1
4328	1
4329	1
4331	1
4332	1
4333	1
4339	1
4340	1
4341	1
4342	1
4345	1
4349	1
4353	1
4357	1
4361	1
4363	1
4364	1
4368	1
4373	1
4374	1
4376	1
4379	1
4380	1
4392	2
4398	1
4400	1
4404	1
4411	1
4414	1
4415	1
4416	1
4419	2
4420	1
4422	1
4423	1
4428	1
4431	1
4434	1
4435	1
4439	1
4440	1
4441	1
4442	3
4450	2
4453	1
4456	1
4462	1
4468	1
4472	1
4478	1
4479	2
4480	1
4481	3
4484	1
4485	1
4495	1
4496	1
4498	1
4501	1
4506	1
4508	1
4509	1
4517	1
4518	2
4521	1
4533	1
4534	2
4535	1
4537	2
4545	1
4547	1
4552	1
4556	1
4557	1
4558	1
4563	1
4564	1
4570	1
4571	1
4572	1
4575	1
4579	1
4583	1
4584	3
4590	1
4592	3
4595	1
4596	1
4598	1
4603	1
4606	1
4609	1
4611	1
4612	1
4614	1
4617	1
4620	2
4621	1
4622	1
4624	1
4626	1
4638	1
4643	1
4645	1
4646	1
4648	1
4649	1
4651	1
4652	1
4653	1
4662	1
4664	1
4667	1
4670	1
4672	1
4675	2
4676	1
4677	1
4678	1
4679	3
4682	2
4683	3
4687	2
4689	2
4696	1
4698	1
4701	1
4702	1
4710	2
4712	1
4719	1
4721	1
4723	1
4725	1
4729	1
4737	1
4740	1
4741	2
4742	1
4744	1
4745	1
4747	1
4749	1
4751	1
4753	1
4754	1
4758	1
4763	1
4766	1
4767	2
4769	2
4770	1
4779	1
4786	1
4787	1
4791	1
4807	1
4811	1
4812	1
4816	1
4818	1
4822	1
4828	1
4832	1
4834	2
4849	1
4867	1
4869	1
4872	3
4876	1
4879	1
4883	1
4887	1
4893	1
4896	1
4897	1
4898	1
4900	1
4921	2
4922	1
4923	2
4931	1
4943	2
4950	1
4953	2
4955	1
4957	1
4959	2
4963	1
4966	1
4967	2
4970	2
4973	1
4974	1
4977	1
4984	3
4985	1
4987	2
5002	1
5004	1
5006	1
5010	1
5013	1
5014	1
5018	1
5032	2
5033	1
5034	1
5042	1
5045	1
5049	1
5051	1
5052	1
5053	1
5066	1
5068	1
5073	1
5077	1
5083	1
5084	1
5092	1
5093	1
5105	3
5107	1
5117	1
5118	1
5128	2
5131	1
5133	1
5134	1
5136	1
5137	2
5139	1
5142	1
5147	1
5152	1
5154	2
5157	1
5160	1
5164	1
5166	1
5168	1
5172	1
5174	1
5176	1
5195	2
5202	1
5204	1
5207	1
5217	1
5224	1
5225	3
5233	1
5237	2
5240	1
5241	1
5244	1
5249	1
5252	1
5254	1
5257	1
5261	1
5263	1
5265	1
5268	1
5276	2
5278	1
5280	2
5285	1
5286	1
5293	1
5294	1
5298	1
5303	1
5306	1
5307	1
5311	1
5317	1
5322	1
5323	1
5326	2
5333	1
5334	1
5340	1
5341	2
5348	1
5352	1
5353	1
5372	2
5373	1
5377	1
5382	1
5386	1
5397	1
5403	1
5411	1
5413	1
5416	1
5431	1
5440	1
5446	1
5448	1
5451	1
5463	1
5464	1
5467	1
5470	1
5478	1
5482	1
5483	1
5495	1
5510	1
5511	1
5524	1
5530	2
5532	1
5537	1
5539	1
5540	1
5542	1
5546	2
5548	1
5552	1
5557	1
5560	1
5565	1
5573	2
5578	1
5591	1
5592	1
5593	1
5596	1
5597	1
5602	2
5603	1
5612	1
5616	1
5621	1
5626	2
5630	1
5631	1
5634	1
5638	1
5643	1
5644	1
5645	1
5649	1
5651	2
5654	2
5655	1
5668	1
5669	2
5673	2
5677	1
5687	2
5688	1
5694	2
5695	1
5698	1
5699	1
5702	1
5704	1
5712	1
5724	1
5731	1
5736	1
5741	1
5744	1
5745	1
5746	1
5752	1
5758	1
5768	2
5776	1
5794	1
5799	1
5801	1
5805	1
5810	2
5823	1
5833	1
5838	1
5850	1
5853	1
5867	1
5875	1
5886	1
5887	1
5893	1
5898	1
5900	1
5903	1
5905	1
5915	1
5925	1
5926	1
5927	1
5932	1
5936	2
5937	1
5944	1
5945	1
5956	1
5958	1
5960	1
5967	3
5968	1
5978	1
5979	1
5983	1
5990	1
5993	1
6002	1
6010	1
6013	1
6018	1
6019	1
6028	1
6035	1
6039	2
6049	1
6052	2
6055	3
6058	2
6062	1
6066	1
6068	1
6080	1
6086	1
6094	1
6099	1
6100	1
6102	1
6105	1
6120	1
6123	1
6140	1
6141	1
6146	1
6150	1
6151	1
6155	1
6157	2
6159	1
6160	2
6167	2
6172	1
6174	1
6177	1
6182	1
6186	1
6196	1
6206	1
6236	1
6238	1
6241	1
6244	1
6248	1
6256	1
6271	1
6288	1
6289	1
6303	1
6305	1
6307	1
6313	2
6319	1
6321	1
6331	1
6334	1
6337	1
6364	1
6371	3
6372	1
6386	3
6398	1
6413	1
6423	1
6430	1
6440	1
6443	1
6448	1
6450	1
6451	1
6461	1
6465	1
6477	1
6480	1
6482	1
6485	1
6486	1
6487	1
6490	1
6491	1
6495	1
6503	2
6506	1
6511	2
6515	1
6524	1
6532	2
6539	1
6542	1
6547	1
6550	1
6555	1
6558	1
6576	1
6585	1
6620	1
6623	1
6651	1
6652	1
6656	1
6668	1
6672	1
6678	1
6684	1
6694	1
6699	1
6716	1
6731	2
6734	1
6735	1
6739	1
6743	1
6745	2
6748	1
6750	1
6752	1
6755	1
6760	1
6766	1
6772	1
6774	1
6775	1
6779	1
6784	1
6786	1
6790	1
6791	1
6792	1
6808	1
6810	2
6821	1
6827	1
6829	1
6831	2
6833	1
6854	1
6856	1
6863	1
6866	1
6875	1
6879	1
6880	1
6886	1
6890	1
6891	1
6892	1
6893	1
6898	1
6899	1
6900	1
6923	1
6928	2
6930	1
6937	1
6941	1
6954	1
6966	1
6968	1
6984	1
6989	1
6992	1
6998	2
6999	1
7011	1
7012	1
7019	1
7025	1
7033	1
7052	1
7069	1
7072	1
7074	1
7076	1
7081	1
7084	1
7085	1
7087	2
7088	1
7089	1
7090	1
7097	1
7105	1
7113	1
7124	1
7133	1
7159	1
7170	1
7178	1
7199	1
7210	1
7215	1
7222	1
7235	1
7240	1
7248	1
7291	1
7304	1
7323	1
7331	1
7361	1
7369	1
7403	1
7404	1
7409	1
7457	1
7469	1
7470	1
7471	1
7505	1
7514	1
7534	1
7546	1
7551	1
7556	1
7559	1
7564	1
7565	1
7589	1
7618	1
7627	1
7630	1
7632	1
7659	1
7663	1
7664	1
7687	1
7689	1
7693	1
7714	1
7723	1
7730	1
7744	1
7745	2
7752	1
7770	1
7772	1
7785	1
7787	1
7792	1
7801	1
7803	1
7809	1
7815	1
7823	1
7824	1
7836	1
7841	1
7844	1
7845	1
7846	1
7850	2
7852	1
7855	1
7858	1
7863	1
7866	2
7867	1
7875	1
7877	1
7882	1
7901	1
7902	1
7905	1
7906	1
7912	1
7927	1
7936	1
7939	1
7957	1
7973	1
7979	1
7980	1
7993	1
7996	1
7997	1
8007	1
8012	1
8018	1
8022	1
8025	1
8026	2
8027	1
8049	1
8058	1
8076	1
8105	2
8111	1
8162	2
8164	1
8166	1
8167	1
8175	1
8177	1
8179	1
8181	1
8204	1
8206	1
8238	1
8240	1
8247	1
8275	1
8287	1
8299	1
8305	1
8329	1
8336	1
8356	2
8365	1
8367	1
8371	1
8403	1
8428	1
8434	1
8445	1
8452	1
8466	1
8469	1
8518	1
8519	1
8538	1
8549	1
8550	1
8554	1
8564	1
8568	1
8592	1
8614	1
8686	1
8713	2
8722	2
8728	1
8736	1
8741	1
8753	1
8754	1
8767	1
8784	1
8800	1
8805	1
8810	1
8820	1
8849	1
8859	1
8874	1
8893	1
8915	1
8938	1
8985	1
8989	1
8993	1
8998	1
9027	1
9028	2
9039	1
9040	1
9052	1
9056	1
9076	1
9077	1
9087	1
9091	1
9111	1
9114	1
9144	1
9152	1
9176	1
9202	1
9237	1
9244	2
9250	1
9255	1
9268	1
9269	1
9277	1
9282	1
9284	1
9285	1
9355	2
9370	2
9384	1
9432	1
9440	1
9443	1
9503	1
9512	1
9522	1
9525	1
9527	1
9543	1
9561	1
9575	2
9592	1
9633	1
9641	1
9643	1
9651	1
9652	1
9665	1
9694	1
9697	1
9704	1
9731	1
9774	1
9776	1
9804	1
9814	1
9853	1
9902	1
9933	1
9949	1
9964	1
9999	1
10019	1
10034	1
10036	1
10047	1
10060	1
10061	1
10063	1
10074	1
10085	1
10138	1
10148	1
10160	1
10177	1
10219	1
10243	1
10247	1
10257	1
10263	1
10276	1
10278	1
10284	1
10289	1
10336	1
10342	1
10396	1
10400	1
10436	1
10441	1
10451	1
10520	1
10527	1
10532	1
10538	1
10557	1
10561	1
10567	1
10569	1
10599	1
10625	1
10627	1
10633	1
10680	1
10682	1
10683	1
10701	1
10705	1
10710	1
10739	1
10756	1
10770	1
10796	1
10806	1
10820	1
10836	1
10854	1
10856	1
10897	2
10901	1
10917	1
10919	1
10942	1
11047	1
11085	1
11101	1
11106	1
11123	1
11141	1
11164	1
11166	1
11170	1
11205	1
11210	1
11227	1
11229	2
11238	1
11273	1
11323	1
11352	1
11390	1
11412	1
11419	1
11432	1
11440	1
11538	1
11546	1
11555	1
11567	1
11578	1
11592	1
11600	1
11630	1
11632	2
11634	1
11641	1
11661	1
11709	1
11737	1
11759	1
11765	1
11775	1
11794	1
11814	1
11847	1
11902	1
11904	1
11915	1
11924	1
11961	1
11977	1
11987	1
11998	1
12075	1
12105	1
12112	1
12118	1
12140	1
12151	1
12218	1
12230	1
12275	2
12300	1
12320	1
12366	1
12417	1
12538	1
12577	1
12578	1
12581	1
12602	1
12609	1
12658	1
12670	1
12695	1
12714	1
12737	1
12763	1
12787	1
12806	1
12830	1
12891	1
12899	1
12935	1
13041	1
13069	1
13152	1
13211	1
13246	1
13279	1
13283	1
13291	1
13319	1
13343	1
13344	1
13368	1
13389	1
13399	1
13430	1
13436	1
13484	1
13512	1
13514	1
13540	1
13542	1
13566	1
13580	1
13652	1
13681	1
13700	1
13747	1
13753	1
13758	1
13768	1
13801	1
13806	1
13826	1
13857	1
13884	1
13952	1
13954	1
13998	1
14033	1
14035	1
14065	1
14096	1
14109	1
14132	1
14134	1
14224	1
14295	1
14339	1
14366	1
14489	1
14497	1
14518	1
14521	1
14623	1
14629	1
14644	1
14650	1
14686	1
14692	1
14741	1
14756	1
14798	1
14848	1
14861	1
15045	1
15194	1
15267	1
15305	1
15313	1
15318	1
15327	1
15419	1
15428	1
15450	1
15503	1
15520	1
15552	1
15591	1
15598	1
15599	1
15616	1
15933	1
15937	1
15961	1
16050	1
16052	1
16072	1
16103	1
16168	1
16184	1
16210	1
16258	1
16289	1
16321	1
16382	1
16457	1
16460	1
16516	1
16589	1
16700	1
16751	1
16804	1
16842	1
16847	1
16903	1
16986	1
17013	1
17199	1
17219	1
17224	1
17533	1
17736	1
17749	1
17826	1
17845	1
17879	1
18135	1
18233	1
18365	1
18380	1
18401	1
18502	1
18957	1
19017	1
19039	1
19174	1
19244	1
19285	1
19304	1
19305	1
19383	1
19598	1
19643	1
19652	1
19695	1
19697	1
19706	1
19719	1
19722	1
19733	1
19740	1
19822	1
19924	1
19932	1
20106	1
20128	1
20156	1
20189	1
20459	1
20609	1
20707	1
20750	1
20769	1
20904	1
20990	1
20991	1
21010	1
21015	1
21074	1
21084	1
21087	1
21088	1
21145	1
21192	1
21526	1
21573	1
21738	1
21823	1
21833	1
21839	1
21872	1
22015	1
22258	1
22299	1
22308	1
22360	1
22361	1
22375	1
22381	1
22414	1
22653	1
22723	1
22765	1
22767	1
22772	1
23023	1
23028	1
23072	1
23127	1
23166	1
23399	1
23715	1
23903	1
23950	1
24007	1
24024	1
24043	1
24112	1
24129	1
24210	1
24377	1
24529	1
24530	1
24609	1
24745	1
24783	1
24945	1
24949	1
25432	1
25787	1
25999	1
26190	1
26609	1
26631	1
26699	1
26745	1
26749	1
26791	1
26802	1
26815	1
26834	1
26846	1
27026	1
27182	1
27366	1
27737	1
27834	1
28013	1
28067	1
28509	1
28767	1
28814	1
29228	1
29644	1
29691	1
30108	1
30717	1
31123	1
31158	1
31235	1
31334	1
32202	1
32208	1
32382	1
32482	1
32974	1
33163	1
33243	1
33286	1
33739	1
34048	1
34170	1
34338	1
34496	1
34734	1
35229	1
35706	1
36360	1
37582	1
37819	1
37938	1
38207	1
38375	1
38524	1
39645	1
40271	1
40681	1
40868	1
40874	1
43469	1
44405	1
44503	1
44669	1
44689	1
44708	1
45041	1
45274	1
45883	1
46011	1
46111	1
46448	1
46732	1
46748	1
47079	1
47541	1
47545	1
47582	1
47585	1
47798	1
49661	1
49770	1
50188	1
50320	1
50446	1
51310	1
51854	1
52440	1
52780	1
52788	1
53060	1
53507	1
53740	1
53954	1
54279	1
55186	1
55847	1
55881	1
56488	1
56852	1
57033	1
57374	1
58188	1
58942	1
60303	1
60551	1
60705	1
60986	1
61490	1
61564	1
62383	1
62718	1
62834	1
64230	1
64593	1
64905	1
65765	1
66729	1
68467	1
70904	1
72118	1
72466	1
74408	1
80157	1
83275	1
83956	1
85862	1
86391	1
86687	1
87742	1
89934	1
91266	1
91383	1
99469	1
100000	88
