#Depth	Count
1	1582332517
2	101001153
3	42514993
4	26851272
5	18340673
6	12897441
7	9193414
8	6756286
9	5164909
10	4165452
11	3518912
12	3110644
13	2834476
14	2641198
15	2508716
16	2427568
17	2375344
18	2339656
19	2335595
20	2350602
21	2359999
22	2363507
23	2366402
24	2346979
25	2320880
26	2273020
27	2202249
28	2120353
29	2023090
30	1916494
31	1797875
32	1678903
33	1560014
34	1437052
35	1319105
36	1204379
37	1094991
38	992782
39	900848
40	815571
41	735484
42	660434
43	593629
44	533528
45	479001
46	429361
47	384055
48	344865
49	309661
50	278164
51	250557
52	226033
53	204365
54	183846
55	166946
56	151310
57	139259
58	126529
59	115109
60	105021
61	97129
62	89186
63	82300
64	76854
65	72109
66	66921
67	62874
68	58534
69	55198
70	51812
71	48851
72	46062
73	43327
74	40739
75	38558
76	36305
77	34628
78	32750
79	31316
80	29782
81	28145
82	26872
83	25842
84	24525
85	23514
86	22984
87	22004
88	21205
89	20326
90	19158
91	18463
92	17712
93	16939
94	16197
95	15806
96	15614
97	15298
98	14681
99	14201
100	13973
101	13388
102	13033
103	12920
104	12605
105	12175
106	12092
107	11667
108	11495
109	11392
110	10971
111	10531
112	10394
113	10451
114	10193
115	10237
116	10205
117	10030
118	9818
119	9742
120	9736
121	9607
122	9381
123	9395
124	9338
125	9125
126	8934
127	9056
128	8939
129	8947
130	8706
131	8691
132	8392
133	8425
134	8275
135	8118
136	8174
137	8012
138	7997
139	7758
140	7821
141	7548
142	7334
143	7305
144	6957
145	6938
146	6628
147	6520
148	6664
149	6374
150	5970
151	6009
152	5776
153	5536
154	5471
155	5482
156	5106
157	5139
158	4919
159	4823
160	4671
161	4458
162	4601
163	4332
164	4237
165	3948
166	4057
167	3827
168	3729
169	3683
170	3573
171	3330
172	3267
173	3255
174	3132
175	3044
176	3006
177	2995
178	2870
179	2802
180	2801
181	2762
182	2557
183	2541
184	2532
185	2422
186	2293
187	2306
188	2265
189	2273
190	2228
191	2113
192	2100
193	2185
194	2076
195	2034
196	1944
197	2055
198	1953
199	1911
200	1990
201	1942
202	1946
203	1895
204	1853
205	1888
206	1868
207	1842
208	1860
209	1831
210	1793
211	1785
212	1788
213	1735
214	1729
215	1719
216	1728
217	1667
218	1739
219	1760
220	1657
221	1689
222	1732
223	1730
224	1637
225	1624
226	1668
227	1699
228	1600
229	1640
230	1658
231	1632
232	1632
233	1579
234	1556
235	1486
236	1542
237	1557
238	1610
239	1539
240	1580
241	1521
242	1505
243	1515
244	1473
245	1501
246	1470
247	1517
248	1517
249	1465
250	1387
251	1495
252	1409
253	1387
254	1433
255	1341
256	1399
257	1426
258	1434
259	1391
260	1379
261	1402
262	1428
263	1418
264	1409
265	1361
266	1396
267	1387
268	1443
269	1443
270	1487
271	1436
272	1352
273	1482
274	1424
275	1392
276	1384
277	1321
278	1328
279	1428
280	1378
281	1338
282	1436
283	1406
284	1364
285	1394
286	1436
287	1361
288	1346
289	1333
290	1404
291	1373
292	1282
293	1326
294	1374
295	1395
296	1391
297	1430
298	1392
299	1496
300	1450
301	1419
302	1456
303	1499
304	1431
305	1455
306	1469
307	1460
308	1496
309	1495
310	1496
311	1535
312	1435
313	1482
314	1486
315	1465
316	1512
317	1488
318	1483
319	1447
320	1566
321	1608
322	1576
323	1597
324	1638
325	1682
326	1592
327	1600
328	1656
329	1608
330	1680
331	1568
332	1630
333	1622
334	1679
335	1565
336	1644
337	1640
338	1656
339	1593
340	1727
341	1640
342	1714
343	1693
344	1668
345	1665
346	1667
347	1698
348	1711
349	1707
350	1691
351	1808
352	1810
353	1717
354	1806
355	1790
356	1915
357	1889
358	1840
359	1861
360	1838
361	1805
362	1872
363	1939
364	1960
365	1847
366	2039
367	1970
368	1983
369	2023
370	1984
371	2077
372	2017
373	2017
374	2012
375	2064
376	2054
377	2049
378	2062
379	2123
380	2112
381	2178
382	2139
383	2182
384	2212
385	2212
386	2206
387	2151
388	2218
389	2346
390	2353
391	2333
392	2383
393	2412
394	2427
395	2506
396	2528
397	2495
398	2631
399	2674
400	2625
401	2812
402	2719
403	2799
404	2838
405	2861
406	2756
407	2878
408	2928
409	2963
410	3061
411	2891
412	3088
413	2969
414	2996
415	3086
416	3197
417	3127
418	3222
419	3317
420	3320
421	3431
422	3446
423	3424
424	3518
425	3570
426	3613
427	3509
428	3638
429	3695
430	3710
431	3741
432	3780
433	3904
434	3698
435	3840
436	3918
437	3929
438	4029
439	3974
440	4027
441	4133
442	4165
443	4168
444	4124
445	4066
446	4147
447	4124
448	4155
449	4305
450	4178
451	4300
452	4367
453	4171
454	4354
455	4435
456	4369
457	4357
458	4495
459	4630
460	4471
461	4490
462	4634
463	4635
464	4672
465	4685
466	4690
467	4614
468	4821
469	4677
470	4628
471	4764
472	4779
473	4716
474	4809
475	4855
476	4802
477	4792
478	4742
479	4813
480	4728
481	4820
482	4717
483	4759
484	4779
485	4840
486	4816
487	4770
488	4735
489	4684
490	4808
491	4720
492	4752
493	4673
494	4624
495	4745
496	4571
497	4531
498	4602
499	4584
500	4577
501	4559
502	4559
503	4659
504	4619
505	4530
506	4553
507	4457
508	4613
509	4514
510	4665
511	4543
512	4632
513	4761
514	4489
515	4747
516	4552
517	4582
518	4663
519	4578
520	4556
521	4568
522	4434
523	4650
524	4514
525	4428
526	4549
527	4341
528	4468
529	4427
530	4559
531	4354
532	4382
533	4495
534	4505
535	4359
536	4586
537	4495
538	4552
539	4424
540	4461
541	4474
542	4499
543	4570
544	4392
545	4576
546	4474
547	4525
548	4463
549	4388
550	4501
551	4589
552	4567
553	4661
554	4558
555	4648
556	4596
557	4580
558	4530
559	4568
560	4684
561	4527
562	4472
563	4594
564	4601
565	4535
566	4693
567	4657
568	4583
569	4622
570	4747
571	4680
572	4618
573	4623
574	4687
575	4629
576	4666
577	4647
578	4630
579	4608
580	4689
581	4750
582	4670
583	4585
584	4631
585	4512
586	4649
587	4612
588	4710
589	4576
590	4643
591	4690
592	4671
593	4677
594	4679
595	4764
596	4685
597	4786
598	4719
599	4733
600	4613
601	4756
602	4779
603	4777
604	4692
605	4548
606	4569
607	4749
608	4707
609	4758
610	4755
611	4632
612	4692
613	4736
614	4755
615	4680
616	4685
617	4772
618	4698
619	4711
620	4672
621	4658
622	4715
623	4817
624	4855
625	4770
626	4654
627	4812
628	4805
629	4806
630	4787
631	4720
632	4727
633	4800
634	4667
635	4673
636	4846
637	4750
638	4688
639	4727
640	4759
641	4580
642	4719
643	4693
644	4659
645	4687
646	4659
647	4696
648	4687
649	4697
650	4707
651	4779
652	4658
653	4751
654	4775
655	4654
656	4836
657	4762
658	4673
659	4733
660	4695
661	4765
662	4631
663	4872
664	4815
665	4635
666	4699
667	4744
668	4803
669	4822
670	4727
671	4788
672	4707
673	4796
674	4706
675	4887
676	4693
677	4694
678	4658
679	4669
680	4658
681	4690
682	4614
683	4667
684	4682
685	4705
686	4536
687	4625
688	4680
689	4692
690	4689
691	4637
692	4646
693	4802
694	4687
695	4669
696	4536
697	4627
698	4575
699	4605
700	4553
701	4587
702	4599
703	4453
704	4605
705	4400
706	4436
707	4507
708	4560
709	4524
710	4528
711	4527
712	4527
713	4403
714	4455
715	4481
716	4378
717	4277
718	4314
719	4302
720	4398
721	4282
722	4358
723	4251
724	4317
725	4140
726	4131
727	4164
728	4350
729	4084
730	4213
731	4089
732	4103
733	4059
734	4081
735	4080
736	3990
737	3926
738	3922
739	4034
740	3882
741	3892
742	3987
743	3836
744	3849
745	3800
746	3864
747	3885
748	3732
749	3717
750	3749
751	3761
752	3714
753	3684
754	3669
755	3560
756	3581
757	3551
758	3511
759	3491
760	3440
761	3372
762	3382
763	3281
764	3362
765	3389
766	3335
767	3118
768	3201
769	3285
770	3202
771	3174
772	3113
773	3115
774	3048
775	2999
776	3023
777	2981
778	2949
779	2904
780	2954
781	2892
782	2777
783	2722
784	2767
785	2754
786	2734
787	2766
788	2583
789	2686
790	2625
791	2636
792	2684
793	2546
794	2506
795	2483
796	2292
797	2446
798	2314
799	2252
800	2355
801	2337
802	2262
803	2252
804	2248
805	2253
806	2076
807	2062
808	2113
809	2027
810	2019
811	1999
812	1955
813	1897
814	1823
815	1776
816	1826
817	1864
818	1785
819	1716
820	1686
821	1685
822	1643
823	1600
824	1556
825	1547
826	1554
827	1547
828	1540
829	1451
830	1494
831	1450
832	1406
833	1366
834	1345
835	1280
836	1336
837	1272
838	1173
839	1183
840	1187
841	1171
842	1085
843	1119
844	1086
845	1072
846	1069
847	1003
848	996
849	990
850	995
851	959
852	894
853	905
854	895
855	857
856	812
857	737
858	790
859	779
860	752
861	764
862	717
863	686
864	652
865	724
866	664
867	659
868	617
869	618
870	603
871	630
872	546
873	598
874	563
875	521
876	552
877	524
878	492
879	494
880	489
881	507
882	487
883	471
884	445
885	452
886	492
887	407
888	456
889	451
890	388
891	380
892	396
893	376
894	372
895	386
896	363
897	398
898	361
899	333
900	374
901	336
902	341
903	331
904	316
905	322
906	317
907	304
908	318
909	304
910	300
911	263
912	310
913	287
914	253
915	245
916	244
917	259
918	251
919	248
920	239
921	213
922	245
923	236
924	220
925	205
926	192
927	191
928	194
929	188
930	203
931	194
932	202
933	163
934	174
935	178
936	161
937	196
938	176
939	151
940	167
941	169
942	175
943	166
944	177
945	164
946	168
947	160
948	152
949	167
950	176
951	154
952	141
953	154
954	165
955	185
956	141
957	158
958	152
959	163
960	150
961	167
962	152
963	173
964	146
965	151
966	144
967	176
968	157
969	161
970	158
971	174
972	155
973	144
974	159
975	166
976	141
977	131
978	137
979	131
980	157
981	161
982	142
983	128
984	139
985	168
986	135
987	152
988	132
989	130
990	148
991	130
992	130
993	122
994	120
995	147
996	142
997	146
998	123
999	138
1000	122
1001	130
1002	128
1003	123
1004	137
1005	116
1006	115
1007	146
1008	122
1009	120
1010	119
1011	117
1012	107
1013	130
1014	121
1015	139
1016	126
1017	117
1018	112
1019	135
1020	118
1021	125
1022	120
1023	108
1024	102
1025	118
1026	128
1027	108
1028	131
1029	143
1030	124
1031	127
1032	126
1033	129
1034	109
1035	133
1036	116
1037	135
1038	130
1039	143
1040	131
1041	129
1042	115
1043	120
1044	103
1045	113
1046	133
1047	120
1048	116
1049	136
1050	121
1051	133
1052	112
1053	132
1054	107
1055	115
1056	122
1057	109
1058	114
1059	119
1060	125
1061	135
1062	119
1063	122
1064	116
1065	114
1066	112
1067	121
1068	115
1069	130
1070	110
1071	117
1072	119
1073	110
1074	139
1075	116
1076	114
1077	99
1078	128
1079	105
1080	119
1081	110
1082	119
1083	110
1084	116
1085	98
1086	128
1087	98
1088	101
1089	107
1090	107
1091	104
1092	104
1093	114
1094	105
1095	91
1096	103
1097	101
1098	106
1099	114
1100	108
1101	118
1102	105
1103	104
1104	109
1105	106
1106	91
1107	111
1108	111
1109	91
1110	107
1111	83
1112	91
1113	102
1114	99
1115	98
1116	94
1117	93
1118	102
1119	126
1120	91
1121	102
1122	92
1123	89
1124	82
1125	91
1126	109
1127	98
1128	88
1129	89
1130	90
1131	83
1132	103
1133	99
1134	73
1135	83
1136	68
1137	88
1138	93
1139	76
1140	97
1141	87
1142	101
1143	107
1144	87
1145	80
1146	87
1147	89
1148	85
1149	101
1150	77
1151	87
1152	78
1153	99
1154	88
1155	77
1156	90
1157	78
1158	64
1159	86
1160	80
1161	78
1162	85
1163	85
1164	69
1165	66
1166	57
1167	64
1168	57
1169	66
1170	74
1171	64
1172	58
1173	67
1174	60
1175	67
1176	63
1177	74
1178	61
1179	51
1180	67
1181	64
1182	54
1183	61
1184	68
1185	70
1186	60
1187	57
1188	52
1189	67
1190	55
1191	47
1192	61
1193	55
1194	52
1195	54
1196	39
1197	59
1198	46
1199	50
1200	51
1201	54
1202	53
1203	47
1204	46
1205	46
1206	43
1207	55
1208	54
1209	47
1210	51
1211	50
1212	41
1213	39
1214	49
1215	41
1216	43
1217	45
1218	48
1219	44
1220	51
1221	48
1222	47
1223	58
1224	55
1225	39
1226	44
1227	46
1228	43
1229	43
1230	50
1231	39
1232	37
1233	45
1234	33
1235	40
1236	50
1237	33
1238	37
1239	37
1240	53
1241	36
1242	51
1243	44
1244	39
1245	47
1246	34
1247	31
1248	39
1249	46
1250	35
1251	47
1252	34
1253	48
1254	48
1255	42
1256	35
1257	40
1258	47
1259	33
1260	38
1261	35
1262	47
1263	41
1264	37
1265	29
1266	34
1267	29
1268	29
1269	30
1270	28
1271	28
1272	28
1273	25
1274	38
1275	29
1276	35
1277	27
1278	32
1279	38
1280	34
1281	28
1282	31
1283	29
1284	22
1285	28
1286	37
1287	33
1288	26
1289	21
1290	32
1291	26
1292	20
1293	19
1294	35
1295	26
1296	34
1297	32
1298	31
1299	28
1300	31
1301	36
1302	25
1303	22
1304	22
1305	30
1306	32
1307	28
1308	20
1309	23
1310	26
1311	18
1312	25
1313	23
1314	28
1315	21
1316	29
1317	16
1318	24
1319	28
1320	20
1321	23
1322	22
1323	28
1324	26
1325	24
1326	26
1327	33
1328	26
1329	21
1330	30
1331	29
1332	31
1333	25
1334	18
1335	11
1336	21
1337	16
1338	19
1339	21
1340	19
1341	31
1342	21
1343	19
1344	22
1345	25
1346	24
1347	23
1348	16
1349	28
1350	26
1351	17
1352	25
1353	25
1354	32
1355	25
1356	18
1357	31
1358	23
1359	23
1360	20
1361	31
1362	27
1363	28
1364	27
1365	34
1366	30
1367	21
1368	28
1369	29
1370	31
1371	29
1372	25
1373	20
1374	37
1375	29
1376	37
1377	30
1378	33
1379	37
1380	28
1381	35
1382	25
1383	33
1384	32
1385	22
1386	40
1387	38
1388	30
1389	32
1390	38
1391	24
1392	26
1393	34
1394	23
1395	20
1396	33
1397	28
1398	24
1399	28
1400	24
1401	14
1402	30
1403	25
1404	19
1405	20
1406	24
1407	26
1408	25
1409	32
1410	30
1411	24
1412	26
1413	18
1414	28
1415	28
1416	24
1417	30
1418	19
1419	35
1420	25
1421	25
1422	24
1423	28
1424	29
1425	21
1426	31
1427	21
1428	31
1429	36
1430	26
1431	24
1432	33
1433	17
1434	19
1435	18
1436	23
1437	35
1438	15
1439	23
1440	19
1441	18
1442	25
1443	21
1444	24
1445	14
1446	18
1447	15
1448	18
1449	19
1450	15
1451	17
1452	19
1453	13
1454	16
1455	18
1456	11
1457	23
1458	10
1459	21
1460	11
1461	15
1462	11
1463	20
1464	17
1465	18
1466	17
1467	9
1468	13
1469	15
1470	14
1471	12
1472	19
1473	14
1474	14
1475	21
1476	13
1477	18
1478	16
1479	15
1480	18
1481	20
1482	19
1483	12
1484	14
1485	11
1486	17
1487	19
1488	17
1489	12
1490	14
1491	11
1492	15
1493	16
1494	16
1495	9
1496	16
1497	11
1498	20
1499	9
1500	11
1501	9
1502	16
1503	11
1504	11
1505	10
1506	8
1507	13
1508	6
1509	7
1510	16
1511	4
1512	5
1513	14
1514	11
1515	15
1516	17
1517	11
1518	12
1519	19
1520	10
1521	13
1522	10
1523	9
1524	10
1525	12
1526	9
1527	12
1528	4
1529	13
1530	12
1531	8
1532	5
1533	13
1534	4
1535	11
1536	17
1537	10
1538	5
1539	8
1540	15
1541	10
1542	18
1543	10
1544	8
1545	3
1546	9
1547	13
1548	10
1549	3
1550	6
1551	9
1552	12
1553	8
1554	8
1555	8
1556	10
1557	9
1558	7
1559	10
1560	7
1561	5
1562	7
1563	12
1564	7
1565	10
1566	3
1567	8
1568	2
1569	2
1570	11
1571	8
1572	7
1573	9
1574	4
1575	9
1576	10
1577	4
1578	5
1579	5
1580	9
1581	8
1582	3
1583	12
1584	5
1585	8
1586	6
1587	8
1588	6
1589	6
1590	5
1591	7
1592	8
1593	8
1594	9
1595	7
1596	8
1597	7
1598	8
1599	8
1600	7
1601	3
1602	6
1603	11
1604	6
1605	4
1606	10
1607	11
1608	2
1609	4
1610	9
1611	4
1612	3
1613	3
1614	7
1615	11
1616	4
1617	10
1618	5
1619	4
1620	7
1621	2
1622	10
1623	7
1624	8
1625	4
1626	4
1627	5
1628	4
1629	2
1630	4
1631	8
1632	4
1633	5
1634	10
1635	4
1636	7
1637	1
1638	4
1639	4
1640	2
1641	7
1642	2
1643	1
1644	4
1645	7
1646	7
1647	7
1649	2
1650	7
1651	2
1652	5
1653	9
1654	3
1655	9
1656	2
1657	3
1658	4
1659	7
1660	2
1661	5
1662	4
1663	2
1664	5
1666	5
1667	3
1668	4
1669	5
1670	6
1671	4
1672	9
1673	6
1674	5
1676	4
1677	9
1678	3
1679	4
1680	9
1681	6
1682	7
1683	6
1684	7
1685	6
1686	4
1687	3
1688	10
1689	6
1690	7
1691	9
1692	5
1693	8
1694	6
1695	5
1696	6
1697	3
1698	11
1699	4
1700	5
1701	5
1702	6
1703	2
1704	8
1705	10
1706	3
1707	6
1708	6
1709	1
1710	6
1711	4
1712	6
1713	7
1714	7
1715	5
1716	6
1717	2
1718	6
1719	3
1720	8
1721	4
1722	5
1723	9
1724	6
1725	6
1726	8
1727	4
1728	5
1729	4
1730	9
1731	7
1732	4
1733	5
1734	4
1735	6
1736	3
1737	8
1738	6
1739	4
1740	7
1741	8
1742	5
1743	9
1744	4
1745	4
1746	10
1747	6
1748	3
1749	4
1750	5
1751	2
1752	9
1753	8
1754	1
1755	4
1756	5
1757	3
1758	7
1759	4
1760	5
1761	4
1762	6
1763	3
1764	3
1765	5
1766	6
1767	7
1768	4
1769	7
1772	1
1773	3
1774	6
1775	1
1776	5
1777	4
1778	2
1779	2
1781	2
1782	4
1783	4
1784	5
1786	1
1787	3
1788	2
1789	2
1790	3
1791	2
1792	1
1793	6
1796	1
1797	4
1798	2
1799	4
1800	2
1801	5
1802	2
1803	2
1805	3
1806	3
1807	3
1808	1
1809	3
1810	2
1811	2
1812	2
1813	2
1814	2
1816	3
1817	1
1818	3
1819	3
1820	5
1821	1
1822	7
1823	2
1824	3
1825	3
1826	3
1827	5
1828	3
1829	2
1830	3
1831	2
1832	1
1833	3
1834	3
1835	2
1836	4
1837	2
1839	3
1840	2
1841	1
1842	3
1843	5
1844	5
1845	4
1846	5
1847	2
1848	6
1849	2
1850	2
1851	2
1852	5
1853	5
1854	5
1855	3
1856	3
1857	1
1858	3
1859	9
1860	4
1861	4
1862	5
1863	1
1864	2
1865	3
1866	5
1867	2
1868	6
1870	4
1871	5
1872	6
1873	2
1874	3
1875	5
1876	2
1877	6
1878	1
1880	5
1881	4
1882	4
1883	2
1885	1
1886	4
1887	3
1888	3
1889	3
1890	4
1891	5
1892	1
1894	6
1895	2
1896	1
1897	3
1898	2
1899	2
1900	3
1901	1
1902	5
1903	3
1904	1
1905	1
1906	5
1907	5
1908	4
1909	3
1910	2
1911	1
1912	7
1913	3
1914	2
1915	5
1916	4
1917	1
1918	2
1920	6
1921	3
1922	4
1923	3
1924	6
1925	2
1926	3
1927	6
1928	1
1929	6
1930	2
1932	2
1935	4
1936	2
1937	3
1938	1
1939	4
1940	2
1941	2
1942	2
1943	1
1944	3
1945	3
1946	4
1947	2
1948	4
1949	2
1950	4
1951	1
1952	4
1953	1
1954	3
1955	1
1956	2
1958	2
1960	2
1962	2
1963	2
1964	3
1965	1
1966	2
1967	1
1968	1
1969	4
1971	1
1973	1
1974	2
1975	1
1976	2
1977	2
1978	1
1979	2
1980	2
1981	4
1982	2
1984	1
1985	1
1986	1
1988	3
1989	1
1990	1
1991	1
1992	1
1993	1
1995	3
1996	3
1997	3
1998	2
1999	1
2000	1
2002	4
2003	2
2004	3
2005	4
2006	2
2008	2
2009	1
2010	2
2011	1
2012	1
2013	1
2014	3
2015	2
2016	3
2017	2
2018	1
2019	2
2020	6
2021	1
2022	4
2023	3
2024	1
2025	5
2026	1
2027	2
2028	1
2031	1
2032	4
2033	2
2034	2
2035	1
2036	4
2037	2
2038	1
2039	2
2040	3
2041	1
2042	5
2043	4
2044	1
2045	1
2047	3
2048	2
2049	2
2050	3
2051	4
2052	4
2053	1
2054	1
2055	2
2056	1
2057	1
2058	2
2059	3
2060	3
2061	1
2063	1
2064	1
2065	1
2066	2
2068	1
2069	1
2070	1
2072	1
2073	1
2074	3
2075	1
2076	1
2077	1
2078	2
2079	1
2081	2
2084	1
2085	2
2086	2
2087	1
2088	2
2089	3
2090	1
2091	1
2092	1
2095	2
2097	1
2099	3
2100	3
2101	3
2102	3
2103	1
2104	3
2105	1
2107	2
2108	2
2110	1
2111	2
2112	2
2113	3
2114	1
2117	2
2118	2
2119	1
2120	3
2122	4
2123	4
2124	2
2125	3
2126	1
2127	5
2128	4
2129	2
2131	1
2132	2
2133	1
2135	1
2137	4
2138	1
2139	1
2140	3
2141	2
2142	2
2144	2
2145	2
2147	2
2148	2
2150	2
2151	1
2153	1
2154	2
2155	4
2156	2
2158	2
2159	1
2160	2
2161	2
2163	4
2165	1
2166	3
2167	2
2168	2
2169	3
2170	4
2171	2
2172	2
2173	2
2177	1
2180	2
2181	1
2182	3
2183	1
2184	2
2185	2
2186	1
2187	3
2188	2
2189	2
2190	1
2191	3
2192	1
2193	2
2194	3
2195	1
2196	2
2197	4
2198	3
2199	1
2200	2
2201	3
2203	3
2204	3
2205	2
2206	2
2207	1
2208	2
2209	2
2210	1
2211	2
2212	1
2213	4
2214	2
2215	1
2219	1
2220	2
2222	2
2223	3
2224	3
2227	1
2228	1
2230	2
2231	2
2232	2
2233	4
2234	1
2235	2
2236	3
2237	3
2238	2
2239	2
2240	4
2241	1
2242	4
2243	2
2245	3
2246	1
2248	2
2249	2
2251	1
2252	1
2253	3
2254	3
2255	1
2256	2
2257	1
2258	1
2259	2
2261	2
2262	1
2263	2
2264	2
2265	2
2266	1
2267	3
2268	3
2270	1
2272	1
2273	1
2274	2
2275	3
2276	3
2277	1
2278	2
2279	1
2281	2
2282	2
2283	1
2284	1
2285	1
2288	1
2289	1
2291	1
2293	1
2294	1
2295	1
2296	3
2297	2
2298	1
2299	1
2300	1
2301	1
2302	2
2304	4
2305	3
2306	2
2307	3
2308	1
2309	1
2310	1
2311	3
2313	2
2314	1
2315	3
2316	2
2318	1
2320	1
2321	2
2322	2
2323	2
2324	3
2325	4
2326	1
2327	1
2328	2
2329	1
2330	6
2331	1
2332	1
2333	3
2334	2
2335	3
2336	1
2337	1
2338	1
2339	1
2340	3
2342	1
2343	1
2344	2
2345	1
2346	1
2347	3
2348	1
2349	1
2350	2
2351	1
2353	2
2357	3
2359	2
2360	1
2361	2
2362	1
2363	2
2364	2
2365	2
2367	2
2368	1
2370	2
2371	1
2372	1
2373	1
2378	1
2379	1
2381	1
2387	1
2388	1
2389	3
2390	1
2391	1
2392	2
2393	1
2394	1
2395	1
2397	1
2398	2
2399	1
2401	3
2402	2
2403	2
2404	2
2405	3
2407	2
2408	2
2409	1
2412	1
2413	1
2414	1
2415	1
2416	2
2417	1
2418	2
2420	4
2421	3
2422	2
2423	1
2424	2
2427	1
2428	2
2429	1
2430	2
2433	1
2435	4
2436	2
2437	2
2438	2
2440	2
2441	2
2444	3
2445	1
2447	3
2449	1
2451	1
2453	3
2454	3
2456	1
2457	1
2458	2
2459	3
2460	1
2461	2
2462	1
2463	2
2464	3
2465	1
2466	2
2467	1
2469	1
2470	2
2471	2
2475	1
2476	2
2477	2
2480	2
2481	1
2482	3
2486	2
2487	1
2488	1
2490	3
2491	2
2492	3
2494	2
2496	1
2498	1
2501	1
2502	2
2503	2
2504	2
2506	1
2507	2
2509	2
2510	1
2511	1
2512	2
2514	2
2515	1
2517	2
2518	1
2519	4
2521	1
2522	2
2523	2
2524	1
2527	2
2529	1
2530	2
2533	2
2535	1
2536	1
2537	3
2538	2
2539	1
2543	2
2544	1
2547	1
2548	1
2549	1
2551	1
2552	2
2553	1
2554	1
2555	1
2556	1
2557	2
2559	1
2560	1
2561	2
2562	1
2563	2
2564	1
2565	1
2567	2
2568	1
2569	1
2571	1
2572	1
2577	3
2578	2
2580	1
2581	2
2582	1
2583	2
2584	1
2586	4
2587	1
2588	2
2590	2
2592	2
2594	1
2595	2
2596	3
2597	2
2598	4
2599	2
2600	3
2602	3
2603	2
2604	2
2605	3
2606	3
2610	3
2611	2
2612	1
2613	1
2614	2
2615	1
2616	1
2617	1
2618	1
2619	2
2620	1
2621	1
2622	1
2623	2
2624	3
2626	3
2627	1
2628	3
2629	4
2630	2
2631	2
2632	2
2633	2
2634	1
2635	3
2636	1
2637	1
2638	2
2639	2
2640	1
2642	1
2646	1
2648	1
2653	1
2655	4
2656	1
2657	1
2660	2
2661	2
2662	1
2664	1
2665	2
2666	1
2667	2
2668	1
2669	1
2670	1
2672	1
2673	2
2675	3
2678	1
2680	1
2681	2
2682	1
2683	2
2684	1
2686	1
2687	1
2688	2
2689	1
2690	1
2691	2
2692	5
2693	1
2695	2
2697	1
2699	4
2701	1
2704	2
2706	1
2708	2
2709	1
2710	1
2712	2
2713	1
2715	1
2717	1
2718	1
2719	1
2720	2
2721	1
2722	1
2725	2
2726	1
2727	2
2728	1
2729	1
2730	1
2731	1
2732	3
2734	1
2736	2
2738	1
2740	2
2741	1
2742	1
2743	1
2744	1
2747	1
2748	1
2750	2
2752	1
2753	2
2755	4
2756	2
2759	2
2762	1
2763	1
2765	1
2766	1
2768	2
2770	1
2774	2
2777	1
2778	1
2780	2
2781	2
2783	1
2787	1
2788	1
2789	1
2790	1
2791	1
2798	2
2800	4
2803	1
2804	1
2806	2
2808	1
2809	2
2812	1
2813	1
2814	1
2815	1
2817	1
2818	1
2820	1
2821	1
2825	2
2827	1
2830	2
2831	1
2832	3
2835	1
2836	1
2837	1
2839	1
2840	1
2841	1
2844	1
2845	1
2849	1
2851	3
2852	2
2854	3
2855	1
2856	1
2858	1
2860	2
2861	2
2862	1
2863	1
2864	2
2865	1
2866	1
2868	3
2869	3
2870	1
2871	4
2873	1
2874	1
2877	1
2878	1
2881	2
2882	2
2885	1
2886	2
2889	1
2892	3
2893	1
2894	1
2895	1
2896	2
2899	1
2900	1
2902	1
2903	1
2906	1
2908	1
2909	2
2910	1
2911	1
2912	1
2913	4
2915	1
2916	2
2917	1
2918	1
2919	1
2921	3
2922	1
2924	1
2925	1
2926	2
2928	1
2929	2
2930	3
2931	1
2933	2
2934	1
2939	2
2946	2
2948	1
2950	1
2952	1
2953	1
2955	1
2956	2
2959	1
2961	1
2963	1
2964	1
2965	1
2968	1
2972	1
2976	1
2978	1
2979	2
2980	1
2982	1
2985	2
2987	1
2988	2
2989	1
2990	1
2991	3
2993	2
2994	2
2995	1
2996	2
2997	1
3000	1
3001	1
3003	1
3004	1
3007	1
3008	1
3009	2
3011	1
3012	3
3014	1
3016	1
3021	1
3025	2
3028	1
3029	1
3031	2
3035	1
3039	1
3041	1
3042	1
3045	1
3048	2
3051	2
3057	2
3058	1
3061	1
3065	1
3066	1
3067	1
3074	1
3075	3
3076	1
3077	1
3079	3
3080	2
3082	1
3083	1
3085	2
3086	1
3093	1
3094	1
3095	1
3097	2
3098	1
3105	1
3108	1
3109	1
3111	2
3114	1
3116	1
3121	3
3123	2
3127	1
3129	1
3130	1
3133	1
3136	1
3138	1
3139	1
3141	2
3142	1
3143	1
3144	1
3145	1
3149	2
3153	1
3154	1
3161	1
3162	1
3163	1
3166	1
3167	4
3170	1
3174	1
3176	1
3177	1
3178	2
3180	2
3185	1
3186	1
3188	3
3189	1
3190	1
3191	1
3193	2
3194	1
3195	1
3197	1
3200	1
3201	2
3202	3
3203	1
3206	2
3207	2
3210	1
3212	2
3213	1
3214	1
3215	2
3216	1
3217	2
3218	2
3219	1
3220	1
3221	1
3222	1
3224	1
3228	1
3230	3
3236	1
3237	1
3239	2
3240	1
3243	1
3244	1
3245	2
3247	2
3249	2
3250	1
3251	1
3252	2
3253	1
3254	1
3256	1
3257	1
3258	4
3261	1
3262	1
3263	3
3264	1
3265	2
3267	1
3268	2
3270	1
3271	3
3272	2
3273	2
3274	3
3275	1
3276	2
3277	2
3278	1
3279	2
3280	1
3281	2
3282	3
3283	3
3285	2
3286	3
3288	3
3289	3
3290	2
3291	2
3292	2
3293	3
3294	3
3295	2
3296	1
3297	1
3298	1
3299	1
3300	1
3301	3
3302	1
3305	4
3308	2
3309	2
3310	3
3311	1
3312	1
3313	3
3314	3
3315	4
3317	2
3318	2
3319	2
3320	2
3321	4
3323	1
3324	1
3326	1
3327	1
3328	3
3329	2
3330	1
3331	1
3332	1
3335	1
3337	2
3340	3
3341	1
3342	1
3343	2
3348	1
3349	2
3350	1
3351	1
3353	2
3354	2
3356	1
3358	1
3359	2
3360	2
3361	3
3363	1
3364	2
3365	1
3367	1
3368	3
3370	1
3371	3
3372	3
3376	1
3378	1
3379	1
3383	2
3385	1
3388	1
3390	3
3391	1
3392	1
3394	1
3396	1
3397	1
3399	1
3400	1
3401	1
3402	1
3405	1
3406	2
3407	1
3409	1
3410	2
3412	1
3413	2
3415	1
3416	1
3417	2
3420	1
3422	1
3423	1
3424	1
3431	1
3432	1
3433	1
3434	1
3435	1
3436	1
3438	3
3439	1
3442	1
3443	1
3444	2
3445	1
3446	3
3448	2
3452	2
3454	1
3460	2
3461	1
3464	2
3468	1
3471	2
3473	4
3474	1
3476	1
3478	1
3485	2
3490	1
3492	1
3493	1
3494	1
3496	1
3498	2
3507	1
3508	1
3510	1
3517	1
3518	1
3525	1
3526	1
3528	2
3531	1
3532	2
3533	1
3538	2
3544	1
3553	1
3557	1
3561	1
3570	2
3571	1
3573	1
3580	1
3581	1
3582	1
3585	1
3586	1
3591	1
3592	1
3593	1
3601	1
3602	2
3603	1
3610	1
3613	1
3615	1
3622	2
3624	2
3628	1
3632	1
3636	1
3637	1
3640	1
3642	1
3643	1
3644	1
3645	1
3660	1
3666	1
3667	1
3670	1
3671	1
3679	1
3682	1
3684	1
3685	1
3692	1
3697	2
3700	1
3701	1
3705	1
3706	1
3707	1
3714	1
3715	1
3717	1
3722	1
3724	1
3725	2
3727	1
3728	1
3729	2
3731	1
3732	2
3734	1
3735	1
3736	2
3737	2
3738	2
3739	1
3741	2
3744	1
3746	3
3747	2
3750	1
3753	1
3754	1
3760	2
3761	1
3762	2
3763	1
3767	1
3772	2
3774	2
3776	1
3777	2
3779	2
3782	2
3785	1
3788	1
3790	1
3792	1
3793	2
3794	2
3795	2
3796	2
3798	1
3800	1
3802	1
3806	1
3809	1
3812	1
3814	1
3820	1
3825	1
3827	1
3829	1
3830	2
3832	1
3833	1
3834	1
3835	1
3844	1
3845	1
3848	1
3853	1
3854	1
3856	1
3857	1
3858	2
3860	2
3861	1
3862	1
3868	1
3871	1
3874	1
3878	1
3879	1
3881	1
3884	1
3888	1
3892	1
3897	1
3900	1
3903	1
3910	1
3911	1
3913	1
3914	1
3916	2
3918	2
3925	2
3928	1
3930	2
3932	1
3934	2
3940	1
3942	1
3943	2
3944	2
3945	1
3949	1
3953	1
3954	1
3956	1
3958	1
3967	2
3969	1
3970	1
3975	1
3976	1
3979	2
3983	3
3985	3
3987	1
3988	1
3991	2
3992	1
3997	2
4001	1
4005	1
4006	2
4008	2
4009	3
4010	2
4012	2
4014	2
4015	1
4019	1
4020	2
4021	1
4023	2
4024	1
4030	1
4037	2
4043	3
4046	1
4047	2
4051	1
4052	1
4053	3
4054	2
4057	2
4059	2
4060	1
4061	1
4062	1
4063	1
4069	2
4074	1
4079	2
4081	1
4086	1
4089	1
4090	1
4100	1
4101	1
4102	1
4104	1
4107	1
4111	2
4114	1
4118	2
4121	1
4122	2
4123	1
4131	1
4132	1
4134	2
4144	1
4145	1
4148	1
4149	1
4152	1
4156	1
4166	1
4168	1
4177	1
4179	1
4184	2
4186	1
4187	4
4193	1
4198	1
4206	1
4207	2
4211	2
4214	1
4215	1
4220	1
4224	1
4227	1
4230	1
4231	1
4233	1
4237	1
4242	1
4247	1
4250	2
4254	1
4255	1
4257	1
4258	1
4263	1
4266	1
4270	1
4271	2
4273	2
4275	1
4277	2
4291	1
4292	1
4302	2
4305	1
4307	1
4308	1
4320	1
4326	1
4328	1
4345	1
4347	1
4348	1
4356	1
4364	1
4367	2
4372	1
4374	1
4376	1
4379	2
4381	1
4382	1
4383	2
4384	1
4386	1
4387	1
4388	1
4393	1
4397	2
4398	1
4399	1
4400	1
4401	1
4405	1
4406	1
4407	1
4408	2
4412	2
4413	2
4414	1
4420	1
4422	1
4424	1
4425	2
4426	1
4429	1
4435	3
4436	1
4438	2
4440	1
4443	1
4447	1
4448	2
4457	1
4459	1
4462	1
4473	1
4475	2
4479	1
4492	1
4496	1
4502	1
4503	1
4504	1
4505	1
4512	1
4516	1
4521	1
4522	1
4528	1
4532	1
4540	2
4541	1
4550	1
4556	1
4563	1
4570	1
4587	1
4596	1
4606	2
4618	1
4619	1
4626	2
4641	1
4642	1
4651	1
4667	2
4684	2
4695	1
4697	2
4698	1
4708	1
4711	2
4716	1
4744	1
4748	1
4749	1
4752	1
4753	1
4761	1
4780	1
4789	1
4801	1
4804	1
4807	1
4829	1
4852	1
4853	1
4886	1
4888	1
4895	1
4906	1
4908	1
4916	2
4932	1
4936	1
4938	1
4943	1
4944	1
4949	1
4950	1
4967	1
4981	1
4983	1
4991	1
4995	1
5007	1
5009	1
5011	1
5013	1
5014	1
5023	1
5024	1
5029	1
5035	1
5040	1
5044	1
5046	1
5051	1
5057	1
5069	1
5071	1
5094	1
5096	1
5103	1
5108	1
5111	1
5128	1
5133	1
5135	1
5140	1
5141	1
5153	1
5167	1
5175	1
5176	1
5188	1
5216	1
5226	1
5233	1
5245	1
5248	1
5251	1
5252	1
5261	1
5262	1
5264	2
5281	1
5287	1
5290	1
5291	1
5292	1
5297	2
5302	1
5310	1
5312	1
5314	1
5319	1
5328	1
5333	1
5337	1
5350	1
5356	1
5364	1
5375	1
5378	1
5381	1
5385	1
5387	1
5391	1
5397	1
5408	1
5415	1
5426	1
5432	2
5443	1
5456	1
5466	1
5472	2
5474	1
5475	2
5478	1
5487	1
5488	1
5495	1
5501	1
5504	1
5513	1
5515	1
5519	1
5528	1
5530	1
5544	2
5553	2
5555	1
5559	1
5565	1
5571	1
5573	1
5576	1
5580	1
5586	2
5588	1
5590	1
5596	1
5603	1
5604	1
5607	1
5616	1
5635	1
5637	1
5639	1
5647	1
5652	1
5654	1
5672	1
5688	1
5689	1
5731	1
5745	1
5753	1
5757	1
5763	1
5768	1
5777	1
5790	1
5793	1
5828	1
5845	1
5859	1
5869	1
5894	1
5902	2
5915	1
5918	1
5922	2
5923	1
5932	1
5939	1
5941	1
5942	1
5945	1
5956	1
5957	1
5965	1
5974	1
5975	1
5979	1
5982	2
5997	1
6003	1
6004	1
6007	1
6008	1
6011	1
6019	1
6023	2
6029	3
6052	1
6054	1
6064	2
6072	1
6073	1
6075	1
6076	1
6082	1
6088	1
6090	1
6099	1
6105	1
6118	1
6120	1
6127	1
6129	1
6130	1
6143	1
6144	1
6155	1
6156	1
6157	1
6160	1
6166	1
6168	1
6169	1
6177	1
6178	1
6183	1
6185	1
6187	1
6189	1
6192	1
6193	1
6205	1
6212	1
6231	1
6236	1
6240	1
6249	1
6268	1
6270	1
6275	1
6304	1
6309	1
6313	1
6318	1
6320	1
6323	1
6330	1
6350	1
6355	1
6357	1
6363	1
6365	1
6377	2
6378	1
6379	1
6381	1
6382	2
6385	1
6386	1
6390	1
6396	1
6399	2
6400	1
6404	1
6415	1
6419	1
6433	1
6440	1
6463	2
6471	1
6474	2
6476	1
6485	1
6487	1
6489	1
6491	1
6496	1
6497	1
6498	1
6501	1
6502	1
6505	1
6507	1
6509	1
6511	1
6512	2
6515	1
6517	1
6518	2
6520	1
6531	1
6532	1
6534	1
6544	1
6545	2
6552	1
6556	1
6557	1
6559	1
6561	1
6562	1
6564	1
6580	1
6582	1
6586	1
6591	1
6595	1
6597	1
6599	1
6608	1
6613	1
6616	1
6617	1
6623	1
6624	1
6625	1
6626	1
6627	1
6629	1
6632	1
6633	1
6636	1
6640	1
6643	2
6647	1
6649	1
6651	1
6653	1
6655	1
6656	2
6660	1
6663	1
6675	1
6676	1
6679	2
6686	1
6687	2
6697	1
6702	1
6705	1
6706	2
6709	1
6713	1
6719	1
6724	1
6727	1
6738	1
6750	1
6766	1
6768	1
6774	1
6788	1
6793	1
6805	1
6808	1
6818	1
6834	1
6839	1
6841	1
6842	1
6845	1
6869	1
6873	1
6895	1
6928	1
6943	1
6957	1
6986	1
6998	1
7010	1
7026	1
7031	1
7091	1
7093	1
7108	1
7146	1
7153	1
7159	1
7170	1
7186	1
7275	1
7284	1
7302	1
7308	1
7315	1
7318	1
7320	1
7324	1
7334	1
7336	1
7350	1
7351	1
7356	1
7357	1
7363	1
7366	1
7369	1
7392	1
7396	2
7397	1
7406	1
7424	1
7475	1
7496	1
7503	1
7508	1
7587	1
7596	1
7630	1
7649	1
7659	1
7745	1
7762	1
7795	1
7822	1
7823	1
7827	1
7830	1
7847	1
7860	1
7883	1
7911	1
7926	1
7946	1
7959	1
7996	1
8033	1
8052	1
8089	1
8093	1
8113	1
8120	1
8124	1
8135	1
8145	1
8173	1
8182	1
8185	1
8215	1
8225	1
8234	1
8242	1
8269	1
8313	1
8341	1
8362	1
8366	1
8422	1
8450	1
8473	1
8507	1
8549	1
8594	1
8633	1
8660	1
8729	1
8730	1
8748	1
8760	1
8762	1
8774	1
8792	1
8813	1
8815	1
8818	1
8821	1
8860	1
8861	1
8873	1
8878	1
8915	1
9018	1
9028	1
9053	1
9059	1
9101	1
9151	1
9212	1
9259	1
9341	1
9354	1
9382	1
9446	1
9575	1
9886	1
9911	1
9946	1
10005	1
10033	1
10060	1
10066	1
10082	1
10144	1
10163	1
10167	1
10218	1
10221	1
10354	1
10485	1
10509	1
10530	1
10553	1
10561	1
10562	1
10568	1
10580	1
10684	1
10754	1
10760	1
10794	1
10826	1
10892	1
10961	1
11038	1
11228	1
11254	1
11280	1
11316	1
11360	1
11377	1
11392	1
11468	1
11473	1
11526	1
11554	1
11571	1
11718	1
11795	1
11824	1
11883	1
11934	1
11965	1
12030	1
12083	1
12085	1
12129	1
12185	1
12238	1
12291	1
12445	1
12451	1
12590	1
12632	1
12676	1
12708	1
12725	1
12738	1
12770	1
12886	1
12905	1
13021	1
13140	1
13173	1
13377	1
13427	1
13429	1
13542	1
13567	1
13613	1
13623	1
13647	1
13708	1
13869	1
13952	1
14030	1
14063	1
14096	1
14101	1
14120	1
14164	1
14185	1
14282	1
14340	1
14353	1
14366	1
14521	1
14674	1
14841	1
15048	1
15095	1
15216	1
15384	1
15403	1
15588	1
15618	1
15691	1
15812	1
15815	1
15895	1
16115	1
16438	1
16443	1
16512	1
16529	1
16554	1
16681	1
16695	1
16982	1
17093	1
17136	1
17153	1
17160	1
17217	1
17314	1
17505	1
17515	1
17628	1
17636	1
17643	1
17847	1
18006	1
18035	1
18091	1
18417	1
18577	1
18637	1
18905	1
19226	1
19230	1
19347	1
19900	1
20216	1
20239	1
20954	1
21492	1
21810	1
21843	1
21960	1
22243	1
22438	1
23245	1
23360	1
23400	1
23589	1
23624	1
23844	1
24444	1
25312	1
25349	1
25661	1
26988	1
27312	1
27350	1
28594	1
28958	1
29150	1
29285	1
29517	1
29580	1
30702	1
30934	1
31388	1
31580	1
31708	1
32172	1
33009	1
35366	1
35672	1
35829	1
35847	1
35987	1
36448	1
36531	1
36725	1
36812	1
36846	1
36851	1
36865	1
37122	1
37182	1
37249	1
37625	1
37680	1
37854	1
37855	1
37914	1
37983	1
38580	1
39168	1
39924	1
39928	1
41600	1
41691	1
41943	1
42209	1
42346	1
44511	1
44999	1
47166	1
48242	1
49324	1
50577	1
50723	1
51928	1
51981	1
54451	1
54533	1
55366	1
56806	1
57221	1
57319	1
60485	1
60490	1
60832	1
61727	1
65306	1
65658	1
68177	1
69070	1
69302	1
73698	1
74426	1
77460	1
77530	1
78533	1
80502	1
80944	1
84084	1
86109	1
86536	1
90663	1
96059	1
96478	1
100000	58
