#Depth	Count
1	5872468
2	492976
3	353334
4	289140
5	219220
6	144488
7	88737
8	49421
9	28133
10	15760
11	8752
12	5235
13	3395
14	2691
15	2064
16	1779
17	1661
18	1546
19	1339
20	1271
21	1190
22	1036
23	976
24	841
25	751
26	722
27	638
28	608
29	560
30	641
31	593
32	616
33	539
34	550
35	508
36	454
37	386
38	379
39	374
40	333
41	354
42	326
43	297
44	289
45	229
46	204
47	224
48	191
49	208
50	225
51	214
52	186
53	215
54	205
55	196
56	160
57	175
58	191
59	181
60	176
61	184
62	221
63	191
64	175
65	164
66	167
67	123
68	99
69	88
70	89
71	108
72	86
73	94
74	74
75	96
76	89
77	86
78	67
79	71
80	87
81	60
82	64
83	59
84	34
85	36
86	36
87	42
88	33
89	47
90	46
91	52
92	43
93	39
94	32
95	32
96	33
97	35
98	28
99	29
100	30
101	43
102	28
103	24
104	25
105	38
106	27
107	26
108	24
109	32
110	31
111	29
112	10
113	23
114	27
115	33
116	26
117	23
118	22
119	21
120	30
121	13
122	21
123	18
124	13
125	25
126	25
127	30
128	31
129	28
130	42
131	34
132	29
133	23
134	34
135	33
136	29
137	27
138	24
139	23
140	22
141	37
142	33
143	31
144	39
145	26
146	31
147	16
148	28
149	24
150	20
151	17
152	10
153	13
154	9
155	10
156	9
157	10
158	4
159	18
160	14
161	10
162	14
163	20
164	12
165	16
166	17
167	11
168	6
169	9
170	10
171	6
172	8
173	12
174	6
175	13
176	7
177	4
178	5
179	7
180	5
181	5
182	3
183	7
184	6
185	6
186	8
187	4
188	5
189	3
190	4
191	10
192	7
193	5
194	6
195	8
196	9
197	7
198	6
199	13
200	10
201	19
202	11
203	7
204	9
205	10
206	9
207	8
208	8
209	12
210	9
211	7
212	5
213	8
214	2
215	4
216	8
217	2
218	12
219	7
220	6
221	8
222	4
223	4
224	2
225	1
226	1
227	3
228	1
229	2
230	1
231	2
232	3
233	1
235	4
237	1
239	2
240	2
241	1
242	1
243	1
244	1
246	1
248	3
249	1
251	2
252	2
253	1
254	3
256	2
257	1
261	2
262	1
264	1
265	1
266	2
267	2
268	2
273	1
275	1
284	1
285	1
287	2
288	1
292	1
295	1
296	1
297	1
302	1
303	3
306	1
307	2
308	1
310	1
311	1
316	1
317	4
319	2
320	2
322	2
323	1
326	3
327	1
328	1
329	1
330	4
331	1
332	4
333	2
334	2
335	1
336	1
337	3
338	2
339	2
340	1
341	1
344	1
345	1
346	2
347	1
348	2
349	1
351	2
352	1
353	4
354	1
355	1
356	3
357	1
359	1
360	5
361	1
362	1
363	1
364	3
365	1
366	1
368	2
369	2
370	1
372	2
373	2
374	3
375	1
376	2
377	1
378	3
381	1
382	1
384	4
385	5
386	1
388	1
391	1
392	1
393	1
394	2
395	1
396	1
399	2
400	1
401	1
405	1
407	4
409	1
410	1
411	1
413	1
416	1
419	2
422	1
433	1
434	1
443	2
446	1
448	1
449	1
450	1
455	1
459	1
466	1
472	1
475	1
477	1
478	1
480	1
485	3
486	1
490	1
495	1
499	1
500	1
502	2
503	1
504	1
505	1
508	1
515	1
516	2
518	2
519	2
521	1
523	1
524	3
525	2
526	1
527	1
531	2
532	1
536	3
539	1
543	2
545	1
548	1
552	1
555	1
557	3
558	2
569	2
577	1
578	2
584	1
586	1
588	1
589	2
590	3
593	1
594	2
595	4
599	1
601	2
602	2
603	2
604	1
605	1
606	1
607	1
608	1
609	1
610	1
611	2
613	1
614	1
615	2
619	1
623	2
626	1
627	1
633	1
634	1
635	1
636	1
638	1
640	2
641	2
643	2
644	1
647	1
648	1
649	2
650	2
651	1
652	3
653	1
654	3
655	2
657	1
659	1
660	2
661	1
663	1
664	1
665	1
669	1
675	1
678	1
680	1
686	1
687	1
690	1
703	1
704	1
705	1
707	1
713	1
718	1
719	1
721	1
723	1
725	2
726	1
727	1
732	1
734	1
738	1
743	1
747	1
750	1
752	1
753	1
763	1
765	1
767	1
774	1
777	2
778	2
781	3
788	2
793	1
794	1
797	2
799	1
803	1
809	1
815	1
817	1
823	1
835	1
837	1
840	1
844	2
847	1
852	2
864	1
869	1
872	1
875	1
877	2
881	1
883	1
884	1
885	1
886	1
888	1
894	1
896	1
898	2
900	1
903	2
906	1
908	1
914	2
926	1
930	3
932	1
934	1
935	3
939	1
942	1
945	1
947	1
949	1
952	2
957	1
960	1
962	1
964	1
967	1
968	1
970	1
975	1
978	1
984	1
986	1
987	1
988	1
993	3
995	1
998	2
999	2
1001	1
1006	2
1007	1
1010	1
1018	1
1021	1
1041	1
1047	1
1052	1
1061	1
1071	1
1073	1
1084	1
1088	1
1102	1
1110	1
1112	1
1116	1
1118	1
1126	1
1128	1
1133	1
1139	2
1146	1
1148	1
1151	1
1152	1
1153	1
1175	1
1181	1
1205	1
1216	1
1217	1
1220	1
1233	1
1241	1
1253	1
1255	1
1256	1
1262	1
1264	1
1283	1
1287	1
1305	1
1306	1
1322	1
1328	1
1331	1
1372	1
1376	1
1392	1
1397	1
1398	1
1418	1
1440	1
1442	1
1443	1
1461	1
1490	1
1496	1
1515	1
1535	1
1540	1
1546	1
1549	1
1551	1
1561	1
1583	1
1596	1
1598	1
1604	1
1605	1
1608	1
1609	1
1629	1
1632	1
1636	1
1641	1
1648	1
1652	2
1654	1
1660	1
1670	1
1680	1
1691	1
1695	2
1711	1
1713	1
1736	1
1742	1
1753	1
1763	1
1782	1
1849	1
1858	1
1923	1
1924	1
1954	1
2014	1
2041	1
2068	1
2091	1
2098	1
2114	1
2138	1
2229	1
2244	1
2251	1
2263	1
2294	1
2310	1
2338	1
2388	1
2536	1
2537	1
2568	1
2577	1
2607	1
2629	1
2828	1
2830	1
2875	1
2948	1
3160	1
3173	1
3206	1
3447	1
3457	1
3572	1
3621	1
3958	1
3993	1
4005	1
4073	1
4074	1
4111	1
4158	1
4341	1
4358	1
4375	1
4406	1
5124	1
7114	1
7116	1
7126	1
7146	1
7331	1
7372	1
7401	1
7407	1
