#Depth	Count
1	1129711864
2	138200642
3	43787707
4	24004374
5	14850153
6	10322915
7	7718542
8	6035893
9	4861519
10	3994906
11	3321261
12	2782578
13	2352056
14	2006123
15	1714814
16	1467839
17	1263030
18	1086128
19	944218
20	825985
21	721985
22	637452
23	565426
24	505208
25	458281
26	418976
27	385825
28	356493
29	333642
30	310869
31	291568
32	270838
33	251593
34	232879
35	216428
36	202084
37	187890
38	176105
39	164422
40	153192
41	143105
42	134269
43	127303
44	121738
45	115863
46	112167
47	109147
48	107375
49	106765
50	105990
51	105945
52	105761
53	105589
54	105990
55	106291
56	106788
57	106402
58	105686
59	105385
60	104020
61	103223
62	101394
63	99400
64	96642
65	94091
66	91536
67	88407
68	84771
69	82386
70	78369
71	74648
72	71124
73	67176
74	63724
75	59423
76	55600
77	51376
78	47851
79	44918
80	41209
81	37937
82	34788
83	31876
84	29144
85	26602
86	24511
87	22970
88	21189
89	18994
90	17521
91	16157
92	14955
93	13778
94	12417
95	11422
96	10787
97	9884
98	9190
99	8739
100	8167
101	7669
102	7204
103	6660
104	6197
105	5985
106	5534
107	5271
108	4957
109	4871
110	4682
111	4451
112	4291
113	4140
114	3969
115	3928
116	3769
117	3571
118	3378
119	3282
120	3215
121	3044
122	2848
123	2896
124	2664
125	2568
126	2554
127	2502
128	2321
129	2250
130	2222
131	2142
132	2028
133	1919
134	1945
135	1859
136	1769
137	1722
138	1671
139	1624
140	1593
141	1559
142	1552
143	1488
144	1395
145	1336
146	1392
147	1347
148	1277
149	1187
150	1186
151	1158
152	1133
153	1072
154	1097
155	1023
156	1044
157	954
158	969
159	957
160	896
161	811
162	875
163	833
164	831
165	844
166	806
167	822
168	869
169	870
170	879
171	968
172	846
173	838
174	844
175	814
176	837
177	779
178	820
179	874
180	769
181	785
182	779
183	768
184	710
185	738
186	666
187	695
188	716
189	654
190	690
191	686
192	650
193	684
194	653
195	601
196	577
197	596
198	563
199	541
200	595
201	608
202	570
203	610
204	602
205	584
206	582
207	600
208	567
209	570
210	540
211	561
212	530
213	553
214	525
215	500
216	532
217	520
218	500
219	500
220	488
221	514
222	467
223	476
224	436
225	445
226	462
227	405
228	379
229	383
230	365
231	371
232	381
233	351
234	383
235	369
236	344
237	359
238	358
239	341
240	307
241	297
242	315
243	329
244	285
245	280
246	264
247	294
248	266
249	269
250	248
251	272
252	264
253	234
254	274
255	245
256	278
257	237
258	236
259	222
260	216
261	227
262	222
263	210
264	204
265	189
266	195
267	180
268	192
269	169
270	177
271	191
272	200
273	160
274	154
275	148
276	130
277	153
278	149
279	142
280	138
281	130
282	101
283	105
284	125
285	113
286	121
287	123
288	101
289	110
290	109
291	114
292	113
293	102
294	112
295	99
296	92
297	105
298	108
299	107
300	81
301	95
302	97
303	76
304	85
305	68
306	57
307	69
308	71
309	79
310	75
311	76
312	68
313	73
314	79
315	75
316	73
317	74
318	82
319	78
320	79
321	78
322	87
323	63
324	73
325	80
326	73
327	69
328	55
329	65
330	75
331	62
332	49
333	69
334	62
335	70
336	65
337	72
338	57
339	57
340	67
341	44
342	68
343	63
344	48
345	56
346	61
347	58
348	59
349	69
350	50
351	40
352	54
353	63
354	57
355	53
356	62
357	48
358	57
359	59
360	44
361	53
362	55
363	41
364	66
365	68
366	47
367	58
368	65
369	55
370	50
371	52
372	45
373	51
374	44
375	45
376	48
377	49
378	37
379	38
380	31
381	36
382	38
383	50
384	45
385	53
386	33
387	49
388	47
389	29
390	33
391	30
392	29
393	40
394	24
395	28
396	32
397	33
398	34
399	35
400	35
401	35
402	31
403	35
404	45
405	37
406	28
407	45
408	34
409	35
410	26
411	34
412	40
413	30
414	26
415	31
416	42
417	32
418	30
419	22
420	40
421	30
422	23
423	32
424	27
425	31
426	36
427	36
428	30
429	22
430	28
431	32
432	22
433	19
434	30
435	23
436	23
437	21
438	24
439	23
440	26
441	21
442	11
443	18
444	19
445	17
446	11
447	15
448	16
449	21
450	23
451	13
452	20
453	26
454	25
455	17
456	21
457	17
458	17
459	14
460	30
461	16
462	13
463	18
464	16
465	13
466	9
467	13
468	19
469	16
470	12
471	14
472	18
473	9
474	12
475	19
476	25
477	19
478	28
479	13
480	23
481	24
482	16
483	25
484	19
485	25
486	24
487	22
488	17
489	18
490	16
491	13
492	18
493	18
494	25
495	23
496	20
497	20
498	21
499	14
500	14
501	13
502	14
503	15
504	13
505	14
506	11
507	17
508	14
509	17
510	21
511	9
512	9
513	18
514	8
515	13
516	13
517	15
518	10
519	11
520	11
521	13
522	11
523	8
524	15
525	15
526	13
527	8
528	14
529	13
530	11
531	12
532	16
533	14
534	17
535	14
536	11
537	16
538	12
539	9
540	8
541	10
542	14
543	12
544	21
545	10
546	11
547	8
548	13
549	6
550	14
551	15
552	10
553	9
554	8
555	12
556	4
557	14
558	15
559	8
560	7
561	13
562	9
563	7
564	18
565	13
566	9
567	11
568	10
569	7
570	12
571	10
572	4
573	7
574	9
575	5
576	4
577	12
578	1
579	8
580	5
581	8
582	4
583	8
584	10
585	10
586	6
587	6
588	6
589	9
590	6
591	4
592	10
593	7
594	6
595	9
596	10
597	7
598	11
599	11
600	9
601	6
602	6
603	9
604	10
605	8
606	4
607	5
608	10
609	4
610	9
611	7
612	3
613	6
614	6
615	6
616	4
617	9
618	8
619	8
620	7
621	8
622	7
623	4
624	8
625	7
626	8
627	2
628	4
629	2
630	2
631	4
632	4
633	4
634	3
635	4
636	3
637	2
638	7
639	10
640	6
641	2
642	6
643	4
644	5
645	9
646	13
647	3
648	3
649	6
650	5
651	7
652	6
653	6
654	10
655	6
656	3
657	2
658	6
659	3
660	7
661	6
662	1
663	5
664	3
666	5
667	2
668	5
669	5
670	1
671	8
672	2
673	5
674	5
675	7
676	9
677	1
678	5
679	3
680	3
681	1
682	4
683	3
684	5
685	8
686	4
687	3
688	10
689	7
690	5
691	2
692	4
693	2
694	2
695	4
696	2
697	2
698	7
699	3
700	4
701	2
702	4
703	6
704	5
705	5
706	6
707	8
708	3
709	1
710	2
711	1
712	3
713	5
714	2
715	7
716	7
717	3
718	2
719	6
720	2
721	3
722	5
723	4
724	1
725	6
726	1
727	3
728	6
729	6
730	9
731	1
732	6
733	3
734	5
735	4
736	2
737	3
738	3
739	4
740	5
741	5
742	8
743	2
744	2
745	2
746	3
747	7
748	5
749	2
750	4
751	2
752	3
753	1
754	3
755	4
756	4
757	2
758	5
759	5
760	3
761	4
762	3
763	9
764	1
765	3
766	2
767	3
768	1
769	4
770	3
771	4
772	5
773	5
774	7
775	6
776	9
777	4
778	3
779	7
780	4
781	2
782	6
783	1
784	3
785	2
786	3
787	5
788	2
789	4
790	1
791	5
792	7
793	1
794	4
795	6
796	4
797	2
799	2
800	4
801	2
802	4
803	3
804	6
805	3
806	5
807	2
808	4
809	4
810	7
811	3
812	3
813	3
814	5
815	3
816	4
817	1
818	5
819	2
820	2
821	2
822	1
823	2
824	3
825	1
826	3
828	4
829	4
830	4
831	1
832	2
833	2
834	2
835	6
836	3
837	1
838	5
839	5
840	3
841	3
842	2
843	6
844	3
845	4
846	2
847	2
848	4
849	3
850	2
851	2
852	3
853	2
854	2
856	3
857	2
858	1
859	1
860	1
861	2
863	4
864	3
866	1
867	2
868	2
869	4
870	3
872	5
873	2
874	6
875	4
876	4
877	4
878	3
879	2
880	2
882	3
883	4
884	3
885	6
886	1
887	2
888	6
889	4
890	1
891	3
892	2
894	3
895	4
896	3
897	4
898	2
899	3
900	3
901	3
902	1
903	2
904	3
905	2
906	1
907	3
909	5
910	4
911	2
912	3
913	1
914	1
915	3
916	4
917	1
918	1
920	2
921	2
922	1
923	5
924	1
925	2
926	1
927	2
928	2
929	4
930	4
931	2
933	3
934	3
935	3
936	1
937	5
938	6
939	3
940	2
941	4
942	6
943	5
944	2
945	1
946	2
947	3
948	5
949	3
950	2
951	5
952	2
953	2
954	4
955	5
956	1
957	4
958	3
959	2
960	1
961	2
962	2
963	5
964	3
965	2
966	4
967	4
968	3
969	5
971	2
972	2
973	4
975	2
976	1
977	1
978	1
979	3
980	4
981	4
982	2
983	1
984	2
985	1
987	1
988	2
989	2
990	3
991	3
992	2
993	1
994	2
995	3
996	3
998	1
999	3
1000	1
1001	2
1002	2
1003	2
1004	2
1005	2
1006	3
1007	6
1008	2
1009	2
1010	3
1012	3
1013	1
1014	2
1015	2
1016	3
1017	5
1018	5
1019	1
1020	2
1021	2
1024	4
1025	2
1027	1
1029	2
1030	1
1032	1
1033	3
1036	2
1037	1
1038	2
1039	3
1040	4
1041	2
1042	3
1043	2
1044	3
1046	1
1047	1
1048	1
1049	1
1050	2
1051	3
1052	5
1054	2
1056	3
1057	1
1058	1
1060	3
1061	4
1062	3
1063	1
1064	2
1065	2
1066	3
1067	2
1069	3
1070	2
1071	1
1072	1
1074	3
1075	1
1077	1
1078	6
1080	4
1082	1
1084	2
1085	2
1086	2
1087	1
1088	1
1089	1
1090	1
1091	2
1092	3
1093	1
1094	2
1095	1
1096	3
1097	3
1098	2
1099	1
1100	2
1101	4
1103	1
1106	5
1107	3
1108	2
1109	4
1110	2
1111	2
1112	2
1114	1
1115	2
1116	1
1117	2
1118	3
1120	1
1121	2
1122	2
1123	1
1125	2
1126	3
1127	3
1128	4
1130	1
1131	1
1134	1
1135	1
1136	2
1139	1
1141	2
1142	2
1143	2
1144	3
1145	2
1146	2
1147	3
1149	1
1150	3
1151	2
1152	2
1154	2
1155	1
1156	2
1157	2
1159	1
1160	3
1161	1
1162	3
1163	1
1164	3
1165	2
1166	2
1167	2
1168	2
1171	2
1172	1
1173	3
1174	3
1175	2
1176	3
1177	2
1178	4
1180	1
1181	2
1182	1
1183	2
1185	1
1186	1
1187	3
1188	1
1189	3
1195	2
1196	3
1198	1
1199	1
1202	2
1204	1
1205	2
1208	2
1209	1
1210	2
1212	1
1213	1
1214	2
1215	2
1216	1
1217	1
1218	1
1219	3
1220	1
1221	1
1222	2
1223	2
1225	1
1226	1
1227	2
1228	2
1229	1
1231	1
1234	2
1237	2
1239	2
1240	5
1241	2
1243	1
1244	1
1246	1
1248	1
1250	3
1252	4
1253	1
1254	1
1255	4
1256	1
1257	1
1259	2
1261	1
1262	1
1263	1
1266	1
1267	1
1268	2
1269	3
1270	1
1271	1
1273	2
1274	1
1275	1
1277	2
1280	3
1281	2
1282	1
1284	1
1286	2
1287	1
1292	1
1293	1
1295	3
1296	2
1298	2
1300	2
1302	2
1303	1
1308	2
1309	2
1310	1
1311	2
1312	2
1313	3
1314	5
1315	3
1316	1
1318	1
1320	1
1321	3
1322	2
1323	5
1325	3
1326	1
1327	2
1328	1
1330	2
1331	1
1333	1
1335	1
1336	1
1337	3
1340	3
1341	1
1344	1
1345	1
1347	1
1348	3
1349	1
1350	1
1352	2
1353	1
1355	1
1358	2
1359	3
1360	1
1362	5
1364	1
1366	1
1367	1
1368	2
1369	1
1371	1
1375	2
1376	1
1377	1
1379	2
1380	1
1381	2
1383	1
1384	2
1385	3
1387	1
1388	1
1391	1
1392	2
1393	2
1394	1
1399	1
1401	2
1402	1
1403	2
1404	1
1405	2
1406	1
1407	1
1408	1
1409	2
1413	1
1414	1
1416	1
1417	1
1419	1
1422	2
1425	1
1426	2
1427	1
1428	1
1429	1
1432	1
1434	2
1435	2
1436	2
1437	2
1438	1
1439	1
1440	1
1445	1
1447	1
1449	1
1454	1
1455	2
1456	2
1463	1
1465	1
1467	2
1468	2
1469	2
1470	1
1471	1
1472	1
1475	1
1477	2
1480	2
1481	1
1483	1
1485	1
1486	1
1488	1
1489	1
1490	1
1493	1
1494	1
1495	1
1498	1
1499	2
1502	1
1503	1
1504	2
1505	2
1507	1
1508	2
1511	3
1512	1
1514	1
1515	1
1516	1
1517	2
1520	1
1524	2
1526	1
1527	1
1528	1
1531	1
1532	1
1533	1
1534	1
1537	1
1538	1
1542	2
1543	1
1544	2
1545	1
1550	1
1551	2
1556	1
1560	1
1563	1
1566	1
1567	1
1569	1
1576	1
1580	2
1585	2
1587	1
1588	2
1594	2
1599	2
1601	2
1603	1
1605	2
1606	1
1608	2
1609	1
1610	3
1612	1
1615	2
1616	3
1617	1
1618	1
1619	1
1626	1
1637	1
1639	1
1640	1
1641	1
1642	1
1647	1
1651	2
1654	2
1655	2
1657	2
1658	2
1659	1
1661	1
1662	1
1663	1
1664	1
1666	2
1667	4
1670	1
1672	2
1673	1
1674	1
1675	1
1677	2
1678	2
1679	2
1680	1
1682	1
1683	1
1684	3
1685	1
1688	3
1689	1
1690	1
1691	1
1692	2
1693	2
1699	1
1700	2
1701	1
1703	1
1704	1
1705	1
1706	3
1707	1
1710	2
1713	1
1714	1
1715	1
1716	2
1717	1
1723	2
1724	1
1725	1
1726	1
1731	1
1733	1
1738	2
1739	2
1740	2
1742	1
1743	1
1747	1
1753	1
1758	1
1760	1
1764	1
1766	1
1769	1
1772	1
1773	1
1779	1
1782	1
1783	1
1784	2
1787	1
1789	1
1794	2
1795	1
1796	1
1798	2
1805	1
1814	1
1820	1
1823	2
1828	1
1834	1
1836	1
1841	2
1845	2
1850	1
1857	1
1859	1
1860	2
1862	1
1864	1
1867	1
1870	1
1877	2
1878	1
1879	1
1882	1
1888	1
1897	1
1901	1
1910	1
1912	1
1915	1
1923	1
1929	1
1935	1
1942	1
1948	1
1954	1
1959	1
1962	2
1963	1
1977	1
1979	1
1995	1
2001	1
2003	1
2004	1
2005	1
2007	1
2008	1
2013	3
2014	1
2022	1
2024	1
2027	1
2028	1
2029	1
2030	1
2042	1
2044	1
2050	1
2051	1
2052	1
2055	1
2078	1
2080	1
2081	1
2082	1
2084	1
2086	1
2088	1
2090	1
2093	1
2097	1
2101	1
2104	1
2108	1
2113	1
2126	1
2135	1
2137	1
2147	2
2152	2
2159	2
2161	1
2163	1
2164	1
2167	1
2173	1
2178	1
2203	1
2215	1
2219	1
2248	1
2255	1
2257	1
2260	1
2267	1
2270	1
2272	1
2274	2
2280	1
2283	1
2285	1
2287	1
2292	1
2294	1
2296	1
2298	2
2299	2
2300	1
2301	1
2303	1
2308	1
2309	1
2315	1
2319	1
2321	2
2327	1
2330	2
2337	1
2340	1
2341	1
2342	1
2344	1
2345	1
2348	1
2350	1
2352	2
2353	2
2354	2
2357	1
2363	1
2364	1
2369	1
2372	3
2373	1
2374	2
2376	1
2377	1
2378	2
2380	1
2382	1
2388	2
2390	1
2391	1
2406	1
2408	1
2409	1
2412	1
2434	1
2447	1
2449	1
2456	1
2457	1
2459	1
2463	1
2466	1
2485	1
2489	1
2492	1
2493	1
2499	1
2500	3
2502	1
2510	1
2513	1
2523	1
2526	1
2530	1
2543	3
2547	1
2549	1
2551	1
2557	1
2558	1
2568	1
2579	1
2585	1
2595	1
2596	1
2597	1
2611	1
2612	1
2615	1
2627	1
2660	1
2666	1
2670	1
2671	1
2672	1
2681	1
2685	2
2687	1
2690	1
2696	1
2697	1
2700	1
2721	1
2729	2
2730	1
2734	1
2739	1
2745	1
2748	1
2749	1
2755	1
2766	1
2779	1
2781	1
2783	1
2792	1
2798	1
2805	1
2806	1
2812	1
2821	1
2826	1
2832	2
2834	1
2835	1
2837	1
2838	2
2840	1
2843	1
2845	1
2861	1
2867	1
2868	2
2875	1
2883	1
2884	1
2886	1
2898	1
2907	1
2914	2
2916	1
2936	1
2949	1
2970	1
2971	1
2980	1
2982	1
2984	1
2997	1
3002	1
3014	1
3021	1
3023	1
3037	1
3038	1
3044	1
3054	1
3066	1
3075	2
3080	1
3086	1
3087	1
3089	2
3094	2
3107	1
3108	1
3111	1
3119	1
3130	1
3148	1
3152	1
3157	2
3161	1
3166	1
3171	1
3180	1
3181	1
3196	1
3202	1
3211	2
3214	1
3218	1
3226	1
3233	1
3250	1
3251	2
3252	1
3254	1
3266	1
3270	1
3276	1
3281	1
3303	1
3304	2
3307	1
3311	1
3331	1
3337	1
3340	1
3344	1
3348	1
3363	1
3364	1
3371	1
3381	1
3384	1
3400	1
3412	1
3413	1
3419	1
3425	1
3443	1
3446	2
3461	1
3478	1
3489	1
3502	2
3509	1
3513	2
3516	1
3523	1
3537	1
3553	1
3557	1
3577	1
3587	1
3602	1
3614	1
3622	1
3639	1
3640	1
3641	1
3645	1
3650	1
3655	1
3663	1
3675	1
3677	1
3680	1
3685	1
3703	1
3717	1
3721	1
3722	1
3724	1
3734	1
3750	1
3758	1
3784	1
3786	2
3791	1
3792	1
3794	1
3796	2
3836	1
3838	1
3844	1
3858	1
3860	1
3862	1
3866	1
3867	1
3869	1
3876	1
3879	1
3888	1
3892	1
3904	1
3909	1
3912	1
3921	1
3924	1
3929	1
3940	1
3942	1
3947	1
3967	1
3976	1
3979	1
3990	1
3995	1
4001	1
4005	1
4013	1
4017	1
4028	1
4033	1
4046	1
4050	1
4058	1
4065	1
4066	1
4069	1
4083	1
4101	1
4117	1
4140	1
4156	1
4158	1
4179	1
4185	1
4187	1
4198	1
4201	1
4223	1
4226	1
4243	1
4245	1
4265	1
4280	1
4284	1
4286	1
4290	1
4297	1
4304	1
4328	1
4334	1
4342	1
4355	1
4377	1
4384	1
4388	1
4398	1
4402	1
4429	1
4444	1
4446	2
4447	1
4461	1
4462	1
4463	1
4472	1
4481	1
4483	1
4509	1
4513	1
4517	1
4534	1
4535	1
4540	1
4550	1
4552	1
4565	1
4570	1
4571	1
4579	2
4583	1
4593	1
4598	1
4623	1
4640	1
4663	1
4664	1
4665	1
4666	1
4668	2
4670	1
4678	1
4687	1
4694	1
4704	1
4713	1
4715	1
4721	1
4728	1
4772	1
4777	1
4780	1
4794	1
4806	1
4889	1
4900	2
4902	1
4917	1
4925	1
4930	1
4933	1
4948	2
4950	1
4968	1
4969	1
4982	1
4988	1
4990	1
5017	1
5030	1
5044	1
5060	1
5067	1
5070	1
5074	1
5092	1
5140	1
5146	1
5157	1
5159	1
5211	1
5224	1
5226	1
5258	1
5261	1
5276	1
5280	1
5306	1
5337	1
5353	1
5398	1
5471	1
5479	1
5491	1
5511	1
5517	1
5593	1
5621	1
5644	1
5713	1
5752	1
5765	1
5853	1
5939	1
5985	1
5988	1
6012	1
6057	1
6098	1
6106	1
6139	1
6171	1
6190	1
6199	1
6221	1
6229	1
6238	1
6251	2
6265	1
6296	1
6344	1
6346	1
6356	1
6363	1
6418	1
6530	1
6549	1
6648	1
6680	1
6683	1
6716	1
6777	1
6795	1
6796	1
6929	1
6986	1
7040	1
7120	1
7121	1
7124	1
7130	1
7138	1
7217	1
7243	1
7287	1
7291	1
7317	1
7330	1
7347	1
7348	1
7443	1
7519	1
7566	1
7568	1
7664	1
7712	1
7847	1
8027	1
8094	2
8133	1
8221	1
8365	1
8417	1
8453	1
8521	1
8533	1
8562	1
8848	1
8975	1
9087	1
9137	1
9576	1
9651	1
9869	1
9882	1
9901	1
10015	1
10113	1
10129	1
10156	1
10168	1
10284	1
10585	1
10639	1
10745	1
10858	1
10912	1
10914	1
11025	1
11111	1
11146	1
11274	1
11386	1
11485	1
11522	1
11729	1
11826	1
11890	1
12044	1
12152	1
12410	1
12463	1
12599	1
12621	1
12683	1
12886	1
12960	1
12994	2
13016	1
13029	1
13150	1
13358	1
13377	1
13390	1
13433	1
13659	1
13671	1
13700	1
13722	1
13763	1
13900	1
13996	1
14900	1
15067	1
15068	1
15169	1
15214	1
15240	1
15252	1
15269	1
15291	1
15504	1
15599	1
15669	1
15679	1
15732	1
15812	1
15922	1
16015	1
16098	1
16156	1
16288	1
16327	1
16446	1
16568	1
16590	1
16593	1
16616	1
16719	1
16955	1
16977	1
17134	1
17150	1
17387	1
17561	1
17566	1
18797	1
19046	1
19388	1
20040	1
20204	1
20982	1
21213	1
22110	1
22804	1
23066	1
24106	1
24542	1
24560	1
24735	1
25669	1
25767	1
26025	1
26138	1
26178	1
26616	1
26729	1
27004	1
27599	1
27648	1
28543	1
29772	1
30881	1
30926	1
31384	1
32339	1
33385	1
33951	1
34514	1
36353	1
40513	1
43095	1
43112	1
45063	1
45314	1
46191	1
46555	1
48572	1
50782	1
51888	1
53177	1
53200	1
53586	1
54351	1
55665	1
56109	1
56709	1
58103	1
58578	1
58880	1
60970	1
61355	1
62288	1
63447	1
64059	1
64738	1
65264	1
66453	1
66929	1
67872	1
69481	1
71586	1
72123	1
73654	1
75763	1
77165	1
79271	1
80200	1
82949	1
83507	1
85731	1
87142	1
87344	1
89083	1
90814	1
91034	1
91166	1
91543	1
91981	1
92168	1
92340	1
92399	1
92482	1
92637	1
93321	1
93365	1
93396	1
94135	1
94174	1
94179	1
95001	1
95647	1
95820	1
95836	1
95894	1
95932	1
98719	1
100000	85
