#Depth	Count
1	901013608
2	64745345
3	35760400
4	24476648
5	17656913
6	13238919
7	10220792
8	8071280
9	6537063
10	5408008
11	4580321
12	3957280
13	3463915
14	3069594
15	2743942
16	2454662
17	2206619
18	1974432
19	1759773
20	1564047
21	1380406
22	1214058
23	1064127
24	928318
25	808851
26	708561
27	621024
28	549791
29	488882
30	439714
31	400426
32	369307
33	343080
34	322566
35	304330
36	289898
37	276562
38	264694
39	254278
40	243095
41	233558
42	224905
43	216210
44	207423
45	200261
46	191564
47	183500
48	176466
49	169733
50	163597
51	157088
52	151895
53	147265
54	142205
55	137304
56	132969
57	129068
58	125713
59	121699
60	118273
61	114612
62	112229
63	108811
64	106130
65	104152
66	100676
67	96752
68	93775
69	90651
70	88590
71	85576
72	83327
73	81148
74	78442
75	76317
76	73270
77	71432
78	69218
79	66882
80	64456
81	62051
82	59585
83	57122
84	55121
85	52729
86	51313
87	49344
88	47298
89	45606
90	43965
91	41728
92	40119
93	39017
94	37292
95	35929
96	33813
97	32853
98	31382
99	29994
100	28734
101	27471
102	25981
103	24815
104	23881
105	22670
106	21689
107	20806
108	19649
109	18421
110	17437
111	16305
112	15544
113	14648
114	13640
115	13009
116	12301
117	11637
118	10831
119	10202
120	9464
121	8895
122	8391
123	7904
124	7340
125	6907
126	6341
127	5866
128	5407
129	5058
130	4592
131	4211
132	3961
133	3630
134	3318
135	3126
136	2877
137	2698
138	2408
139	2267
140	2121
141	1979
142	1835
143	1655
144	1514
145	1344
146	1347
147	1294
148	1148
149	1095
150	1104
151	1021
152	956
153	983
154	932
155	853
156	845
157	854
158	780
159	688
160	675
161	634
162	635
163	642
164	660
165	619
166	611
167	625
168	576
169	558
170	501
171	534
172	482
173	472
174	514
175	523
176	523
177	527
178	513
179	430
180	482
181	476
182	467
183	461
184	461
185	407
186	438
187	412
188	373
189	393
190	392
191	405
192	346
193	330
194	319
195	374
196	377
197	358
198	332
199	355
200	329
201	299
202	327
203	280
204	276
205	305
206	211
207	272
208	284
209	250
210	269
211	255
212	250
213	232
214	220
215	236
216	245
217	214
218	219
219	224
220	225
221	211
222	244
223	233
224	221
225	230
226	236
227	229
228	246
229	243
230	257
231	226
232	229
233	231
234	197
235	213
236	199
237	193
238	201
239	202
240	200
241	185
242	209
243	189
244	178
245	167
246	200
247	176
248	149
249	161
250	150
251	164
252	163
253	165
254	152
255	147
256	163
257	168
258	153
259	128
260	173
261	168
262	156
263	173
264	194
265	159
266	169
267	170
268	168
269	189
270	174
271	157
272	169
273	205
274	184
275	204
276	197
277	183
278	189
279	224
280	200
281	195
282	188
283	174
284	184
285	202
286	196
287	180
288	214
289	194
290	199
291	215
292	211
293	229
294	224
295	245
296	228
297	267
298	258
299	231
300	260
301	243
302	244
303	282
304	270
305	270
306	256
307	285
308	252
309	262
310	237
311	271
312	288
313	270
314	297
315	267
316	280
317	322
318	288
319	324
320	326
321	318
322	332
323	323
324	310
325	315
326	324
327	315
328	323
329	301
330	321
331	349
332	331
333	367
334	354
335	373
336	335
337	354
338	394
339	329
340	369
341	332
342	351
343	346
344	340
345	339
346	343
347	383
348	376
349	393
350	365
351	368
352	365
353	393
354	375
355	344
356	373
357	343
358	344
359	351
360	358
361	378
362	326
363	308
364	345
365	341
366	350
367	319
368	329
369	287
370	309
371	298
372	301
373	305
374	282
375	301
376	282
377	299
378	302
379	328
380	293
381	299
382	266
383	263
384	259
385	245
386	261
387	245
388	243
389	222
390	196
391	250
392	205
393	207
394	201
395	183
396	187
397	185
398	162
399	179
400	169
401	177
402	160
403	156
404	121
405	145
406	128
407	140
408	148
409	133
410	142
411	122
412	122
413	119
414	108
415	119
416	110
417	120
418	123
419	108
420	111
421	110
422	102
423	105
424	113
425	111
426	100
427	80
428	72
429	88
430	75
431	76
432	82
433	86
434	64
435	85
436	56
437	53
438	59
439	69
440	52
441	51
442	52
443	61
444	51
445	47
446	48
447	47
448	45
449	32
450	41
451	36
452	41
453	33
454	31
455	41
456	31
457	40
458	35
459	43
460	46
461	45
462	46
463	39
464	37
465	37
466	30
467	32
468	22
469	30
470	33
471	25
472	29
473	28
474	19
475	18
476	21
477	22
478	16
479	20
480	17
481	21
482	20
483	15
484	16
485	18
486	20
487	21
488	19
489	15
490	17
491	26
492	15
493	19
494	21
495	33
496	20
497	18
498	18
499	15
500	21
501	15
502	22
503	10
504	4
505	13
506	15
507	15
508	14
509	14
510	13
511	10
512	9
513	10
514	14
515	19
516	15
517	12
518	11
519	16
520	12
521	11
522	11
523	11
524	18
525	11
526	14
527	9
528	6
529	12
530	13
531	9
532	15
533	7
534	10
535	16
536	4
537	13
538	10
539	12
540	8
541	14
542	6
543	8
544	18
545	14
546	9
547	13
548	17
549	11
550	10
551	8
552	11
553	7
554	8
555	11
556	15
557	13
558	15
559	7
560	11
561	12
562	11
563	8
564	10
565	9
566	8
567	9
568	12
569	10
570	6
571	8
572	4
573	16
574	14
575	11
576	5
577	13
578	8
579	12
580	5
581	8
582	14
583	15
584	10
585	8
586	9
587	7
588	7
589	6
590	11
591	3
592	4
593	4
594	6
595	11
596	7
597	6
598	16
599	9
600	8
601	8
602	5
603	12
604	17
605	5
606	13
607	5
608	7
609	6
610	9
611	12
612	5
613	8
614	4
615	5
616	10
617	5
618	10
619	7
620	5
621	7
622	14
623	7
624	7
625	7
626	7
627	11
628	6
629	7
630	6
631	4
632	3
633	8
634	4
635	8
636	11
637	7
638	10
639	11
640	6
641	9
642	6
643	6
644	13
645	17
646	13
647	7
648	8
649	11
650	8
651	7
652	9
653	5
654	10
655	11
656	4
657	11
658	9
659	6
660	18
661	9
662	8
663	8
664	7
665	9
666	10
667	12
668	9
669	7
670	7
671	5
672	11
673	11
674	8
675	9
676	9
677	5
678	6
679	11
680	5
681	5
682	7
683	8
684	11
685	5
686	10
687	12
688	3
689	8
690	8
691	12
692	8
693	15
694	3
695	5
696	5
697	8
698	4
699	6
700	7
701	2
702	11
703	8
704	9
705	11
706	5
707	8
708	9
709	6
710	5
711	7
712	12
713	4
714	6
715	10
716	16
717	11
718	5
719	10
720	8
721	12
722	10
723	13
724	5
725	6
726	6
727	10
728	9
729	8
730	11
731	4
732	5
733	14
734	11
735	15
736	5
737	7
738	16
739	13
740	15
741	9
742	11
743	6
744	18
745	11
746	18
747	11
748	17
749	10
750	12
751	10
752	12
753	12
754	10
755	19
756	12
757	13
758	17
759	5
760	10
761	15
762	13
763	10
764	15
765	6
766	11
767	14
768	14
769	9
770	13
771	11
772	10
773	16
774	10
775	7
776	17
777	13
778	9
779	12
780	6
781	10
782	11
783	12
784	20
785	6
786	12
787	6
788	6
789	15
790	6
791	12
792	13
793	6
794	8
795	6
796	9
797	7
798	16
799	2
800	7
801	9
802	7
803	8
804	7
805	11
806	7
807	6
808	11
809	7
810	16
811	15
812	13
813	7
814	16
815	14
816	13
817	6
818	7
819	21
820	15
821	11
822	12
823	8
824	15
825	11
826	9
827	10
828	16
829	17
830	12
831	14
832	16
833	8
834	9
835	11
836	19
837	11
838	13
839	10
840	9
841	12
842	15
843	10
844	12
845	15
846	14
847	12
848	11
849	13
850	11
851	8
852	13
853	17
854	15
855	14
856	13
857	10
858	6
859	11
860	16
861	10
862	6
863	6
864	20
865	16
866	7
867	5
868	10
869	7
870	9
871	10
872	8
873	9
874	15
875	14
876	14
877	12
878	16
879	16
880	12
881	19
882	13
883	7
884	16
885	13
886	16
887	16
888	10
889	9
890	13
891	11
892	10
893	8
894	9
895	7
896	5
897	8
898	10
899	11
900	8
901	5
902	8
903	5
904	9
905	15
906	5
907	11
908	9
909	14
910	10
911	8
912	3
913	9
914	5
915	4
916	6
917	2
918	5
919	7
920	6
921	6
922	7
923	2
924	6
925	2
926	3
927	1
928	6
929	5
930	4
931	3
932	4
933	3
934	6
935	5
936	3
937	3
938	2
939	6
940	1
941	5
942	3
943	2
944	3
945	5
946	3
947	5
948	5
949	7
950	4
951	4
952	7
953	4
954	4
955	3
956	1
957	7
958	4
959	2
960	4
962	3
963	3
965	2
966	2
967	2
968	2
969	2
970	1
971	1
973	1
974	3
975	1
977	2
978	1
979	2
980	2
981	1
982	1
984	1
985	3
986	2
987	3
988	4
989	1
991	4
992	3
993	1
995	1
996	5
997	1
998	1
999	1
1000	2
1001	1
1002	2
1003	2
1004	1
1005	2
1006	2
1007	2
1008	4
1010	3
1011	3
1012	4
1013	3
1014	3
1015	1
1016	3
1017	3
1018	1
1019	2
1020	1
1021	2
1023	3
1024	3
1028	3
1030	2
1031	4
1032	2
1033	4
1034	4
1035	2
1037	3
1038	1
1041	1
1042	1
1043	1
1044	2
1045	1
1046	1
1047	1
1048	2
1049	1
1050	2
1053	1
1054	3
1056	1
1059	2
1060	1
1063	4
1064	2
1065	1
1066	4
1067	2
1068	3
1071	3
1072	2
1073	2
1074	1
1077	4
1078	1
1079	1
1081	2
1082	3
1083	1
1085	3
1086	1
1087	1
1088	1
1089	1
1091	2
1094	1
1095	2
1097	1
1101	1
1102	1
1104	1
1106	1
1110	2
1111	1
1112	2
1114	1
1115	1
1116	1
1118	3
1119	3
1121	2
1124	1
1126	2
1127	1
1128	4
1130	2
1131	1
1132	1
1133	1
1135	1
1136	1
1137	1
1138	1
1139	1
1144	1
1145	1
1149	1
1152	1
1154	1
1160	2
1162	4
1165	1
1166	2
1167	1
1168	2
1169	1
1170	2
1171	1
1172	1
1173	2
1174	2
1175	1
1176	1
1177	2
1178	1
1180	2
1181	1
1182	1
1183	4
1184	1
1185	1
1186	1
1187	1
1188	1
1189	2
1190	4
1191	2
1193	1
1194	1
1195	1
1196	4
1197	1
1198	2
1199	2
1200	1
1201	1
1202	1
1204	1
1205	1
1206	2
1207	1
1208	2
1209	1
1212	3
1215	2
1216	4
1217	3
1218	1
1220	1
1221	2
1222	3
1223	4
1224	3
1225	3
1226	1
1227	3
1228	3
1230	3
1235	2
1236	2
1238	1
1239	1
1240	2
1242	1
1243	2
1245	2
1247	2
1249	1
1250	1
1252	2
1253	1
1259	2
1261	2
1263	2
1266	2
1268	2
1269	1
1270	2
1275	1
1276	1
1277	1
1281	1
1285	1
1286	1
1293	2
1296	1
1297	3
1298	1
1301	1
1303	6
1305	1
1306	1
1307	4
1308	1
1309	2
1313	1
1315	2
1316	1
1317	1
1318	1
1320	1
1322	2
1324	1
1326	2
1327	1
1328	1
1329	1
1330	1
1333	2
1334	3
1335	1
1336	1
1338	1
1339	1
1340	3
1341	2
1342	1
1345	1
1352	1
1353	1
1354	1
1355	1
1358	1
1360	1
1363	2
1364	1
1366	2
1367	1
1369	1
1371	1
1372	1
1373	1
1375	3
1377	1
1378	2
1381	1
1382	1
1383	1
1384	1
1386	1
1387	1
1390	1
1391	1
1394	1
1398	1
1399	1
1401	1
1406	1
1408	2
1409	1
1414	1
1417	1
1418	1
1422	1
1424	1
1426	1
1430	2
1432	1
1434	1
1435	1
1437	1
1441	1
1442	1
1444	1
1447	1
1448	1
1453	2
1456	2
1457	1
1458	2
1459	2
1460	2
1461	2
1462	2
1464	1
1466	2
1467	2
1470	1
1472	1
1476	1
1482	1
1483	1
1484	1
1486	1
1487	3
1492	1
1494	1
1501	1
1506	1
1510	1
1512	1
1513	1
1517	2
1519	2
1522	1
1525	1
1526	3
1528	2
1529	1
1530	2
1534	2
1536	1
1538	1
1539	1
1542	2
1546	1
1548	1
1549	1
1554	1
1559	1
1560	1
1561	1
1562	1
1566	1
1573	1
1574	1
1576	1
1579	2
1580	2
1586	2
1587	1
1590	1
1592	1
1594	3
1595	2
1597	1
1598	2
1602	1
1603	1
1604	2
1607	1
1608	2
1611	1
1613	1
1614	2
1616	1
1617	2
1618	1
1619	3
1620	1
1621	1
1622	2
1623	1
1626	1
1627	1
1632	2
1633	1
1634	1
1636	2
1637	1
1638	2
1640	1
1641	2
1642	1
1643	2
1644	2
1647	1
1648	1
1649	1
1651	1
1652	1
1653	1
1658	1
1659	1
1661	1
1665	1
1667	1
1676	1
1677	1
1678	2
1691	1
1692	2
1693	2
1694	2
1698	1
1704	1
1707	1
1708	1
1711	1
1715	1
1718	1
1722	3
1726	1
1727	2
1728	1
1730	1
1731	1
1740	1
1744	1
1751	1
1753	1
1755	1
1756	1
1757	1
1758	1
1760	1
1763	1
1765	1
1769	1
1777	1
1781	1
1784	1
1786	1
1788	2
1802	1
1809	1
1812	1
1816	1
1824	1
1831	1
1834	1
1841	1
1842	1
1845	1
1865	1
1868	1
1870	1
1872	1
1875	1
1876	1
1881	1
1887	1
1889	2
1896	1
1897	1
1898	2
1899	1
1900	1
1901	1
1903	1
1910	1
1936	1
1937	1
1938	1
1939	1
1944	1
1951	1
1953	1
1954	1
1960	1
1967	1
1975	1
1996	1
2000	1
2001	1
2021	1
2027	1
2030	1
2032	1
2041	2
2051	1
2052	1
2053	1
2054	1
2061	1
2062	1
2063	1
2064	1
2065	1
2086	1
2102	1
2133	1
2162	1
2163	1
2181	1
2194	1
2200	1
2218	2
2222	1
2234	1
2235	1
2240	1
2250	1
2252	1
2254	1
2256	1
2260	1
2264	1
2265	1
2268	1
2270	2
2275	1
2280	1
2284	1
2288	1
2291	2
2292	1
2301	2
2302	1
2307	1
2310	2
2314	1
2317	1
2318	1
2319	1
2320	1
2322	1
2328	1
2331	1
2336	1
2337	1
2339	1
2340	1
2344	1
2345	1
2350	1
2364	1
2385	1
2388	1
2389	2
2390	2
2396	1
2398	1
2400	1
2404	1
2405	1
2409	1
2410	1
2415	1
2417	1
2418	1
2422	1
2426	4
2427	1
2430	3
2434	1
2437	1
2448	1
2449	2
2461	1
2468	1
2487	1
2490	1
2497	1
2529	1
2555	1
2585	1
2586	1
2644	1
2689	1
2715	1
2716	1
2725	1
2727	1
2729	1
2742	1
2747	1
2749	1
2758	1
2761	1
2764	1
2767	1
2856	1
2859	1
2869	1
2890	1
2947	1
2984	1
3072	1
3132	1
3237	1
3247	1
3272	1
3309	1
3338	1
3381	1
3399	1
3443	1
3445	1
3467	1
3513	1
3557	1
3594	1
3624	1
3632	1
3691	1
3697	1
3744	1
3775	1
3792	1
3804	1
3808	1
3861	1
3885	1
4069	1
4110	1
4152	1
4156	1
4194	1
4281	1
4318	1
4364	1
4377	1
4430	1
4469	1
4589	1
4633	1
4657	1
4729	1
4736	1
4781	1
4859	1
4942	1
5008	1
5216	1
5349	1
5366	1
5375	1
5418	1
5650	1
5688	1
5729	1
5750	1
5756	1
5773	1
5782	1
5868	1
5869	1
5875	1
5903	1
6019	1
6030	1
6080	1
6206	1
6325	1
6459	1
6470	1
6660	1
6661	1
6753	1
6774	1
6886	1
7013	1
7121	1
7137	1
7146	1
7554	1
7595	1
7624	1
7749	1
7802	1
7964	1
7965	1
8005	1
8027	1
8030	1
8049	1
8060	1
8082	1
8083	1
8086	1
8094	1
8101	1
8110	1
8115	1
8127	1
8132	1
8164	1
8166	1
8202	1
8269	1
8276	1
8285	1
8650	1
8768	1
9057	1
9120	1
9574	1
9620	1
9707	1
9945	1
9997	1
10859	1
10883	1
11473	1
11847	1
12229	1
12898	1
12944	1
13296	1
13577	1
13983	1
14024	1
14038	1
14154	1
14543	1
14593	1
15160	2
15257	1
16018	1
16160	1
16576	1
17432	1
17507	1
17831	1
17994	1
18547	1
19126	1
20698	1
20884	1
21145	1
21279	1
22128	1
22159	1
22333	1
22350	1
22969	1
23271	1
23365	1
23394	1
24076	1
25096	1
25147	1
25434	1
26051	1
29834	1
31284	1
32092	1
34405	1
37932	1
40633	1
43441	1
46601	1
49769	1
52675	1
53231	1
56936	1
60583	1
61522	1
64485	1
65599	1
68782	1
69428	1
73145	1
74942	1
75959	1
79636	1
79821	1
82706	1
84773	1
86794	1
