#Depth	Count
1	469312914
2	91415978
3	38167073
4	19576843
5	11718724
6	8195837
7	6264588
8	5020615
9	4189840
10	3538172
11	3072185
12	2676355
13	2342453
14	2079734
15	1855760
16	1645616
17	1476724
18	1316789
19	1194041
20	1079414
21	987439
22	897884
23	831014
24	774620
25	721760
26	677679
27	639439
28	606205
29	575023
30	551206
31	527308
32	506308
33	487516
34	471044
35	452637
36	437004
37	420096
38	404279
39	389611
40	377488
41	364114
42	349709
43	337546
44	322713
45	310818
46	298910
47	288749
48	276313
49	265775
50	254469
51	245261
52	234470
53	224802
54	216701
55	208461
56	198853
57	190706
58	183792
59	174263
60	169302
61	162750
62	155404
63	149410
64	143697
65	137809
66	132068
67	127002
68	121473
69	117301
70	112348
71	107506
72	103683
73	99305
74	95530
75	92070
76	87664
77	84841
78	81666
79	78395
80	75181
81	71817
82	68816
83	66056
84	64154
85	61177
86	58968
87	56545
88	54631
89	52764
90	50734
91	48445
92	46720
93	44920
94	43108
95	41777
96	40126
97	39167
98	37007
99	36332
100	34537
101	33419
102	32380
103	31441
104	30473
105	29293
106	28477
107	27462
108	26475
109	26016
110	24982
111	24617
112	23642
113	23229
114	22312
115	21687
116	21026
117	20189
118	19841
119	19396
120	18817
121	18262
122	17588
123	17477
124	17097
125	16641
126	15955
127	15775
128	15663
129	15326
130	14933
131	14528
132	14264
133	13800
134	13388
135	12889
136	12643
137	12254
138	12056
139	12011
140	11327
141	11179
142	10901
143	10720
144	10386
145	10375
146	9814
147	9707
148	9439
149	9295
150	9061
151	8703
152	8520
153	8218
154	7934
155	7866
156	7596
157	7367
158	7146
159	7084
160	6882
161	6617
162	6362
163	6210
164	6076
165	5817
166	5757
167	5602
168	5469
169	5103
170	5008
171	4792
172	4609
173	4533
174	4523
175	4512
176	4113
177	4155
178	4020
179	3968
180	3821
181	3726
182	3639
183	3560
184	3259
185	3259
186	3123
187	2984
188	2918
189	2859
190	2698
191	2641
192	2593
193	2454
194	2443
195	2303
196	2297
197	2256
198	2105
199	2184
200	1989
201	1981
202	1932
203	1804
204	1708
205	1780
206	1633
207	1620
208	1621
209	1640
210	1564
211	1553
212	1569
213	1518
214	1481
215	1501
216	1345
217	1283
218	1254
219	1232
220	1266
221	1161
222	1056
223	1122
224	1020
225	1122
226	1064
227	1054
228	1013
229	1017
230	933
231	924
232	1002
233	936
234	920
235	930
236	837
237	918
238	904
239	801
240	827
241	844
242	766
243	746
244	760
245	730
246	704
247	688
248	744
249	705
250	663
251	662
252	671
253	641
254	604
255	645
256	638
257	622
258	635
259	578
260	640
261	631
262	606
263	605
264	578
265	541
266	545
267	525
268	569
269	531
270	525
271	528
272	513
273	535
274	590
275	564
276	506
277	517
278	501
279	534
280	544
281	551
282	486
283	500
284	501
285	541
286	544
287	544
288	524
289	509
290	513
291	497
292	528
293	457
294	460
295	487
296	475
297	465
298	451
299	508
300	464
301	442
302	439
303	479
304	463
305	479
306	469
307	454
308	483
309	477
310	466
311	474
312	462
313	524
314	491
315	466
316	519
317	495
318	495
319	519
320	508
321	499
322	504
323	468
324	490
325	483
326	524
327	497
328	481
329	478
330	514
331	468
332	530
333	516
334	533
335	512
336	568
337	502
338	498
339	525
340	581
341	565
342	583
343	556
344	559
345	595
346	551
347	545
348	594
349	582
350	574
351	571
352	582
353	588
354	591
355	588
356	560
357	608
358	599
359	615
360	635
361	637
362	577
363	577
364	589
365	643
366	621
367	585
368	567
369	614
370	608
371	602
372	587
373	623
374	614
375	613
376	579
377	580
378	635
379	640
380	566
381	656
382	608
383	606
384	608
385	570
386	589
387	660
388	579
389	659
390	596
391	629
392	569
393	586
394	604
395	569
396	597
397	612
398	576
399	630
400	647
401	544
402	567
403	545
404	568
405	561
406	515
407	561
408	547
409	591
410	543
411	534
412	531
413	559
414	547
415	517
416	500
417	530
418	461
419	508
420	477
421	448
422	483
423	467
424	464
425	455
426	468
427	433
428	453
429	419
430	442
431	424
432	434
433	392
434	410
435	357
436	348
437	372
438	385
439	347
440	317
441	323
442	346
443	323
444	358
445	305
446	287
447	284
448	344
449	291
450	269
451	287
452	259
453	261
454	238
455	297
456	258
457	246
458	231
459	240
460	251
461	202
462	208
463	221
464	204
465	197
466	200
467	209
468	171
469	195
470	208
471	197
472	184
473	198
474	165
475	198
476	171
477	164
478	184
479	198
480	188
481	184
482	173
483	145
484	136
485	138
486	132
487	150
488	127
489	131
490	137
491	130
492	112
493	122
494	125
495	132
496	119
497	112
498	122
499	107
500	101
501	93
502	105
503	105
504	100
505	100
506	93
507	94
508	110
509	92
510	86
511	93
512	109
513	103
514	91
515	90
516	78
517	71
518	77
519	95
520	88
521	79
522	75
523	69
524	61
525	64
526	69
527	77
528	63
529	63
530	67
531	67
532	57
533	67
534	55
535	70
536	63
537	68
538	62
539	47
540	64
541	68
542	55
543	56
544	46
545	32
546	47
547	46
548	45
549	47
550	36
551	43
552	38
553	44
554	35
555	46
556	35
557	30
558	41
559	26
560	40
561	39
562	34
563	48
564	37
565	43
566	39
567	31
568	41
569	44
570	35
571	37
572	49
573	46
574	39
575	39
576	36
577	44
578	42
579	43
580	28
581	28
582	41
583	33
584	32
585	31
586	33
587	28
588	29
589	33
590	26
591	26
592	28
593	29
594	36
595	26
596	22
597	24
598	17
599	27
600	30
601	24
602	32
603	27
604	26
605	31
606	29
607	22
608	31
609	16
610	23
611	30
612	31
613	30
614	22
615	26
616	38
617	22
618	20
619	33
620	32
621	25
622	30
623	26
624	29
625	23
626	24
627	30
628	25
629	35
630	31
631	27
632	29
633	33
634	23
635	31
636	26
637	36
638	21
639	17
640	17
641	22
642	24
643	28
644	27
645	41
646	28
647	19
648	18
649	21
650	22
651	33
652	23
653	22
654	23
655	23
656	27
657	36
658	15
659	22
660	21
661	20
662	27
663	16
664	24
665	22
666	17
667	20
668	13
669	19
670	15
671	19
672	21
673	14
674	21
675	16
676	18
677	17
678	13
679	19
680	18
681	24
682	25
683	23
684	20
685	22
686	26
687	19
688	17
689	18
690	11
691	15
692	20
693	13
694	27
695	13
696	16
697	12
698	18
699	14
700	16
701	21
702	15
703	19
704	24
705	20
706	17
707	24
708	19
709	14
710	19
711	25
712	18
713	26
714	20
715	22
716	20
717	13
718	18
719	24
720	18
721	18
722	23
723	27
724	16
725	32
726	15
727	20
728	30
729	18
730	18
731	18
732	23
733	25
734	16
735	17
736	21
737	16
738	16
739	18
740	25
741	16
742	15
743	16
744	19
745	27
746	19
747	18
748	25
749	22
750	27
751	19
752	25
753	24
754	20
755	23
756	21
757	25
758	16
759	23
760	20
761	24
762	18
763	18
764	28
765	26
766	19
767	17
768	23
769	19
770	22
771	17
772	19
773	16
774	16
775	14
776	20
777	15
778	19
779	23
780	11
781	19
782	18
783	6
784	19
785	13
786	20
787	13
788	12
789	11
790	16
791	16
792	18
793	13
794	8
795	15
796	18
797	11
798	9
799	15
800	13
801	17
802	12
803	24
804	8
805	16
806	14
807	13
808	19
809	14
810	8
811	15
812	9
813	13
814	14
815	12
816	14
817	10
818	17
819	20
820	11
821	10
822	8
823	11
824	13
825	11
826	13
827	9
828	10
829	17
830	9
831	11
832	13
833	20
834	16
835	9
836	18
837	10
838	11
839	10
840	8
841	26
842	12
843	13
844	14
845	12
846	8
847	14
848	15
849	14
850	11
851	10
852	17
853	16
854	12
855	19
856	12
857	12
858	11
859	10
860	10
861	15
862	5
863	17
864	8
865	3
866	9
867	6
868	10
869	10
870	4
871	15
872	5
873	20
874	6
875	8
876	6
877	13
878	10
879	7
880	16
881	7
882	13
883	12
884	14
885	17
886	11
887	11
888	12
889	15
890	8
891	16
892	11
893	12
894	8
895	10
896	12
897	3
898	11
899	10
900	11
901	20
902	16
903	12
904	6
905	12
906	14
907	18
908	12
909	14
910	11
911	8
912	7
913	12
914	16
915	8
916	10
917	14
918	13
919	15
920	12
921	12
922	13
923	9
924	13
925	14
926	8
927	12
928	10
929	10
930	17
931	6
932	9
933	8
934	11
935	14
936	7
937	13
938	9
939	10
940	9
941	26
942	19
943	13
944	10
945	15
946	11
947	11
948	12
949	10
950	7
951	10
952	9
953	10
954	15
955	11
956	10
957	13
958	9
959	9
960	12
961	16
962	11
963	15
964	17
965	5
966	14
967	11
968	10
969	12
970	13
971	16
972	15
973	16
974	11
975	11
976	15
977	13
978	10
979	16
980	11
981	15
982	5
983	8
984	8
985	4
986	11
987	10
988	9
989	8
990	11
991	12
992	10
993	9
994	12
995	12
996	15
997	11
998	8
999	8
1000	8
1001	9
1002	9
1003	14
1004	10
1005	11
1006	14
1007	10
1008	9
1009	13
1010	9
1011	12
1012	11
1013	10
1014	14
1015	14
1016	17
1017	11
1018	15
1019	11
1020	14
1021	10
1022	9
1023	12
1024	11
1025	14
1026	9
1027	12
1028	15
1029	17
1030	10
1031	19
1032	24
1033	13
1034	9
1035	18
1036	10
1037	18
1038	20
1039	9
1040	11
1041	10
1042	13
1043	12
1044	12
1045	7
1046	9
1047	9
1048	13
1049	12
1050	8
1051	13
1052	11
1053	9
1054	6
1055	9
1056	8
1057	11
1058	9
1059	3
1060	12
1061	6
1062	12
1063	14
1064	4
1065	7
1066	13
1067	8
1068	5
1069	6
1070	9
1071	11
1072	6
1073	2
1074	14
1075	10
1076	6
1077	9
1078	9
1079	8
1080	6
1081	7
1082	9
1083	6
1084	4
1085	10
1086	9
1087	6
1088	6
1089	12
1090	13
1091	9
1092	7
1093	9
1094	6
1095	8
1096	16
1097	8
1098	6
1099	3
1100	12
1101	6
1102	7
1103	12
1104	7
1105	10
1106	9
1107	6
1108	8
1109	9
1110	10
1111	4
1112	4
1113	10
1114	9
1115	10
1116	13
1117	8
1118	11
1119	7
1120	9
1121	11
1122	11
1123	9
1124	7
1125	7
1126	5
1127	6
1128	4
1129	9
1130	6
1131	6
1132	6
1133	6
1134	7
1135	9
1136	9
1137	7
1138	6
1139	7
1140	5
1141	6
1142	11
1143	9
1144	7
1145	5
1146	3
1147	8
1148	5
1149	10
1150	7
1151	8
1152	2
1153	5
1154	4
1155	2
1156	6
1157	5
1158	5
1159	10
1160	8
1161	9
1162	5
1163	7
1164	9
1165	6
1166	6
1167	5
1168	8
1169	7
1170	9
1171	3
1172	3
1173	9
1174	5
1175	8
1176	5
1177	5
1178	11
1179	5
1180	8
1181	1
1182	6
1183	4
1184	2
1185	4
1186	7
1187	2
1188	3
1189	4
1190	4
1191	4
1192	7
1193	3
1194	5
1195	7
1196	9
1197	4
1198	9
1199	8
1200	4
1201	3
1202	2
1203	5
1204	4
1205	8
1206	1
1207	6
1208	7
1209	3
1210	4
1211	7
1212	5
1213	6
1214	5
1215	12
1216	5
1217	9
1218	5
1219	8
1220	5
1221	4
1222	5
1223	3
1224	8
1225	4
1226	4
1227	5
1228	3
1229	7
1230	7
1231	10
1233	5
1234	11
1235	5
1236	6
1237	9
1238	4
1239	9
1240	3
1241	3
1242	7
1243	6
1244	4
1245	7
1246	4
1247	5
1248	5
1249	7
1250	6
1251	4
1252	5
1253	8
1254	4
1255	3
1256	13
1257	10
1258	5
1259	2
1260	5
1261	4
1262	5
1263	7
1264	8
1265	4
1266	6
1267	5
1268	4
1269	5
1270	9
1271	2
1272	4
1273	6
1274	2
1275	13
1276	7
1277	5
1278	10
1279	4
1280	4
1281	5
1282	1
1283	9
1284	4
1285	3
1286	9
1287	3
1288	6
1289	10
1290	6
1291	4
1292	9
1293	5
1294	5
1295	6
1296	9
1297	3
1298	4
1299	4
1300	3
1301	5
1302	5
1303	8
1304	5
1305	6
1306	9
1307	8
1308	4
1309	4
1310	8
1311	4
1312	5
1313	11
1314	8
1315	5
1316	5
1317	5
1318	6
1319	3
1320	7
1321	4
1322	4
1323	6
1324	4
1325	5
1326	2
1327	5
1328	7
1329	7
1330	6
1331	10
1332	4
1333	4
1334	5
1335	8
1336	13
1337	7
1338	10
1339	1
1340	6
1341	4
1342	2
1343	6
1344	4
1345	11
1346	3
1347	8
1348	7
1349	4
1350	5
1351	4
1352	3
1353	8
1354	9
1355	6
1356	5
1357	2
1358	5
1359	3
1360	6
1361	6
1362	6
1363	6
1364	6
1365	7
1366	7
1367	1
1368	5
1369	4
1370	6
1371	5
1372	6
1373	5
1374	11
1375	6
1376	5
1377	6
1378	2
1379	4
1380	4
1381	4
1382	4
1383	6
1384	1
1385	9
1386	5
1387	8
1388	1
1389	5
1391	2
1392	2
1393	6
1394	1
1395	10
1396	10
1397	5
1398	4
1399	4
1400	3
1401	2
1402	4
1403	4
1404	4
1405	5
1406	11
1407	3
1408	5
1409	5
1410	6
1411	2
1412	2
1413	3
1414	5
1415	8
1416	9
1417	7
1418	3
1419	5
1420	5
1421	6
1422	2
1423	10
1424	11
1425	6
1426	3
1427	6
1428	6
1429	8
1430	6
1431	3
1432	4
1433	3
1434	9
1435	2
1436	3
1437	8
1438	6
1439	3
1440	5
1441	5
1442	7
1443	2
1444	4
1445	10
1446	5
1447	6
1448	10
1449	7
1450	7
1451	5
1452	5
1453	5
1454	9
1455	7
1456	6
1457	8
1458	7
1459	4
1460	7
1461	7
1462	9
1463	7
1464	8
1465	9
1466	3
1467	9
1468	2
1469	10
1470	6
1471	3
1472	6
1473	4
1474	9
1475	7
1476	8
1477	4
1478	6
1480	4
1481	4
1482	6
1483	4
1484	2
1485	3
1486	2
1487	5
1488	2
1489	11
1490	5
1491	5
1492	3
1493	3
1494	1
1495	3
1496	6
1497	6
1498	2
1499	7
1500	10
1501	5
1502	5
1503	5
1504	6
1505	6
1506	5
1507	4
1508	3
1509	5
1510	10
1511	7
1512	5
1513	5
1514	6
1515	4
1516	4
1517	9
1518	6
1519	5
1520	6
1521	4
1522	12
1523	9
1524	5
1525	3
1526	12
1527	4
1528	11
1529	8
1530	6
1531	10
1532	10
1533	8
1534	9
1535	10
1536	6
1537	7
1538	8
1539	4
1540	6
1541	7
1542	9
1543	10
1544	7
1545	10
1546	10
1547	5
1548	7
1549	9
1550	2
1551	9
1552	6
1553	3
1554	7
1555	6
1556	8
1557	6
1558	8
1559	10
1560	8
1561	3
1562	5
1563	4
1564	7
1565	6
1566	5
1567	15
1568	8
1569	4
1570	7
1571	6
1572	8
1573	8
1574	7
1575	4
1576	7
1577	14
1578	7
1579	6
1580	5
1581	8
1582	4
1583	10
1584	8
1585	11
1586	13
1587	10
1588	6
1589	10
1590	9
1591	7
1592	2
1593	9
1594	5
1595	2
1596	8
1597	6
1598	8
1599	2
1600	9
1601	11
1602	15
1603	8
1604	8
1605	6
1606	13
1607	7
1608	8
1609	3
1610	7
1611	6
1612	3
1613	6
1614	7
1615	5
1616	7
1617	10
1618	7
1619	4
1620	7
1621	11
1622	3
1623	8
1624	4
1625	7
1626	8
1627	9
1628	6
1629	5
1630	10
1631	18
1632	11
1633	8
1634	7
1635	12
1636	8
1637	7
1638	11
1639	6
1640	7
1641	3
1642	6
1643	14
1644	6
1645	9
1646	9
1647	12
1648	8
1649	16
1650	14
1651	7
1652	9
1653	7
1654	13
1655	11
1656	10
1657	5
1658	8
1659	8
1660	10
1661	15
1662	6
1663	11
1664	7
1665	10
1666	14
1667	11
1668	8
1669	7
1670	9
1671	9
1672	8
1673	8
1674	8
1675	5
1676	10
1677	8
1678	7
1679	9
1680	5
1681	10
1682	7
1683	9
1684	7
1685	11
1686	5
1687	3
1688	4
1689	8
1690	4
1691	3
1692	10
1693	8
1694	5
1695	5
1696	6
1697	10
1698	6
1699	4
1700	6
1701	7
1702	6
1703	8
1704	6
1705	4
1706	5
1707	6
1708	7
1709	8
1710	7
1711	4
1712	6
1713	7
1714	4
1715	10
1716	5
1717	3
1718	6
1719	6
1720	7
1721	6
1722	7
1723	8
1724	7
1725	4
1726	8
1727	9
1728	3
1729	2
1730	6
1731	8
1732	3
1733	3
1734	6
1735	3
1736	7
1737	3
1738	2
1739	5
1740	9
1741	7
1742	4
1743	2
1744	6
1745	4
1746	3
1747	6
1748	4
1749	3
1750	5
1751	3
1752	1
1753	5
1754	2
1755	4
1756	8
1757	3
1758	3
1759	3
1760	2
1761	5
1762	4
1764	5
1765	5
1766	4
1767	4
1768	3
1769	4
1770	2
1771	4
1772	6
1773	4
1775	2
1776	4
1777	3
1778	8
1779	6
1780	1
1781	5
1782	5
1783	2
1784	7
1785	6
1786	5
1787	4
1788	1
1789	5
1790	3
1791	8
1792	3
1793	4
1794	1
1795	2
1796	4
1797	6
1798	3
1799	2
1800	3
1801	3
1802	8
1803	3
1804	3
1805	3
1806	2
1807	2
1808	5
1809	3
1810	4
1811	5
1812	1
1813	4
1814	5
1815	3
1816	5
1817	1
1818	2
1819	1
1820	1
1821	3
1822	2
1823	2
1824	4
1825	3
1826	3
1827	2
1828	4
1829	3
1830	4
1831	4
1832	3
1833	2
1834	2
1835	1
1836	3
1837	4
1838	3
1839	3
1840	1
1841	4
1842	4
1843	3
1844	3
1845	2
1846	5
1847	3
1848	2
1849	3
1850	3
1851	4
1852	5
1853	1
1854	2
1855	3
1856	4
1857	2
1860	3
1861	1
1862	4
1863	5
1864	4
1865	5
1866	1
1867	7
1868	3
1869	3
1870	2
1871	2
1872	6
1873	2
1874	3
1875	1
1876	4
1877	3
1878	2
1880	3
1881	4
1883	2
1884	1
1885	4
1886	1
1887	2
1888	1
1889	1
1890	3
1891	3
1892	2
1893	1
1894	1
1895	3
1896	2
1897	4
1898	2
1899	2
1900	2
1901	2
1902	1
1903	1
1904	2
1905	2
1906	2
1907	2
1908	4
1910	2
1911	2
1912	4
1913	1
1914	3
1916	3
1917	3
1918	1
1919	3
1920	2
1921	4
1922	5
1923	2
1924	1
1925	3
1926	4
1927	4
1928	5
1931	6
1932	8
1933	5
1934	4
1935	4
1936	2
1937	1
1938	3
1939	5
1940	7
1941	3
1942	4
1943	3
1944	6
1945	4
1946	5
1947	7
1948	3
1949	4
1950	8
1951	7
1952	6
1953	4
1954	4
1955	1
1956	1
1957	3
1958	7
1959	4
1960	4
1961	2
1962	1
1963	2
1964	4
1965	4
1967	8
1968	1
1969	4
1970	1
1971	5
1972	2
1973	1
1974	4
1975	3
1977	4
1978	1
1979	2
1980	3
1981	2
1982	2
1983	2
1984	2
1986	3
1987	1
1988	1
1989	2
1990	2
1991	4
1992	2
1993	1
1994	4
1995	3
1996	3
1997	3
1998	4
1999	4
2000	1
2001	2
2002	6
2003	4
2004	2
2006	3
2007	4
2008	5
2009	2
2010	4
2011	4
2012	1
2013	1
2014	2
2015	1
2016	3
2017	3
2018	1
2019	1
2020	4
2021	5
2022	2
2024	1
2025	3
2027	1
2028	5
2029	5
2030	2
2032	2
2033	1
2034	1
2035	2
2036	3
2037	4
2038	1
2039	2
2042	3
2043	2
2044	2
2046	3
2047	1
2048	3
2050	4
2051	2
2052	4
2053	2
2054	2
2055	1
2056	1
2057	3
2058	2
2059	1
2061	2
2062	1
2063	1
2064	2
2065	3
2066	2
2067	3
2068	1
2069	2
2070	2
2071	2
2074	1
2075	2
2076	2
2077	3
2078	2
2080	2
2081	2
2082	4
2083	1
2084	5
2085	3
2086	1
2087	2
2088	2
2089	3
2091	4
2092	2
2094	1
2095	1
2096	1
2097	1
2098	2
2099	1
2100	1
2101	3
2102	5
2103	1
2104	1
2105	3
2106	1
2108	1
2109	1
2110	1
2111	1
2112	2
2113	2
2114	1
2115	1
2116	5
2117	2
2118	3
2120	2
2121	2
2122	1
2123	2
2124	1
2126	3
2127	2
2130	1
2132	3
2133	1
2135	1
2136	2
2137	2
2138	1
2139	1
2140	4
2141	1
2142	1
2143	2
2144	3
2145	2
2146	1
2147	1
2148	1
2149	4
2151	2
2152	1
2153	3
2154	3
2155	3
2156	1
2157	1
2158	1
2161	1
2162	1
2163	3
2164	1
2165	2
2166	2
2167	1
2168	1
2169	4
2170	2
2172	3
2173	2
2174	1
2176	1
2177	2
2178	1
2180	1
2181	3
2182	1
2183	4
2184	2
2185	4
2187	2
2188	1
2190	2
2191	4
2192	2
2193	1
2194	1
2195	4
2196	1
2197	2
2198	4
2199	1
2200	2
2201	1
2202	2
2204	1
2205	1
2206	1
2207	1
2208	2
2209	3
2210	2
2211	2
2212	1
2213	3
2214	1
2215	2
2216	3
2217	4
2218	2
2220	2
2221	3
2222	1
2224	3
2225	1
2226	1
2229	4
2231	1
2232	2
2233	2
2234	1
2236	2
2237	1
2238	2
2240	1
2241	2
2242	4
2243	1
2244	1
2245	1
2246	2
2247	3
2248	3
2249	1
2250	1
2251	2
2252	1
2253	3
2256	4
2257	5
2258	2
2259	1
2260	2
2261	2
2262	2
2263	2
2264	1
2265	2
2267	1
2268	2
2269	1
2270	2
2272	3
2275	3
2276	3
2279	4
2280	1
2281	3
2282	4
2283	4
2285	3
2286	4
2287	1
2288	3
2289	1
2290	2
2291	3
2292	2
2293	3
2294	2
2295	2
2296	1
2297	3
2298	1
2300	3
2301	2
2302	3
2303	1
2304	1
2309	1
2311	1
2316	1
2317	1
2319	1
2322	1
2323	1
2324	2
2325	1
2326	3
2327	1
2328	2
2329	3
2331	3
2332	4
2333	2
2334	1
2335	3
2336	2
2338	1
2339	1
2344	2
2345	1
2347	1
2348	2
2349	1
2350	2
2353	3
2355	1
2357	2
2359	1
2361	3
2365	1
2366	1
2367	2
2368	1
2369	1
2370	1
2372	5
2373	2
2378	2
2380	2
2381	1
2382	1
2383	1
2384	1
2386	1
2388	2
2390	1
2391	1
2392	1
2394	3
2395	1
2397	2
2400	1
2401	2
2403	1
2404	2
2405	3
2406	3
2409	3
2410	2
2412	2
2413	1
2415	1
2418	2
2421	3
2422	1
2423	1
2427	1
2428	1
2429	1
2430	1
2432	2
2433	3
2434	3
2435	1
2436	1
2437	3
2439	2
2440	1
2441	1
2442	2
2443	2
2444	3
2445	1
2446	1
2448	2
2450	4
2452	1
2453	1
2454	2
2457	1
2459	1
2464	1
2469	1
2470	2
2471	2
2472	1
2474	1
2475	1
2476	4
2477	2
2480	1
2481	1
2482	1
2483	3
2484	1
2485	2
2486	2
2487	1
2488	2
2489	4
2492	3
2493	2
2495	2
2496	1
2498	2
2499	1
2500	1
2502	2
2503	1
2504	1
2505	2
2506	1
2508	3
2509	2
2510	1
2511	2
2512	4
2513	2
2514	1
2515	3
2516	1
2517	3
2518	3
2519	4
2520	1
2524	1
2525	2
2526	1
2528	1
2529	2
2533	1
2534	3
2535	1
2537	3
2538	3
2539	2
2540	1
2542	1
2543	1
2545	1
2546	2
2547	2
2552	1
2554	1
2555	2
2556	1
2557	2
2558	1
2559	2
2562	2
2566	2
2568	1
2569	4
2570	1
2571	2
2573	2
2574	2
2576	1
2577	2
2580	1
2581	1
2582	2
2584	1
2585	1
2588	2
2589	2
2590	1
2591	1
2592	1
2593	2
2594	2
2595	2
2596	1
2597	1
2598	4
2599	2
2600	2
2601	2
2602	1
2603	3
2604	3
2605	2
2607	1
2609	2
2610	4
2613	1
2614	1
2615	2
2616	3
2617	2
2618	5
2619	4
2620	2
2621	1
2622	3
2623	1
2625	1
2628	2
2629	3
2630	3
2631	2
2633	4
2635	3
2636	1
2637	1
2639	6
2640	1
2642	1
2644	1
2646	2
2648	1
2649	1
2651	1
2653	1
2655	1
2657	3
2658	1
2659	2
2660	1
2662	2
2663	1
2665	1
2666	1
2667	1
2668	1
2669	1
2670	1
2671	1
2672	1
2674	3
2676	2
2678	1
2679	2
2680	2
2682	1
2684	3
2685	1
2687	2
2688	1
2689	2
2690	1
2691	3
2693	1
2695	3
2697	1
2698	1
2699	1
2701	1
2702	1
2704	1
2705	1
2706	2
2707	2
2708	1
2709	1
2710	2
2711	1
2714	2
2716	1
2718	2
2720	1
2723	1
2724	1
2725	1
2726	1
2727	2
2731	1
2732	1
2735	1
2736	1
2738	2
2739	1
2740	4
2741	2
2743	1
2744	5
2745	3
2747	2
2748	3
2751	2
2752	1
2753	1
2755	1
2756	1
2757	1
2758	4
2759	3
2761	2
2762	1
2763	1
2764	2
2765	3
2766	1
2767	1
2768	2
2771	1
2772	3
2776	2
2778	1
2780	1
2781	1
2782	1
2785	1
2789	1
2790	2
2797	1
2798	2
2799	2
2805	1
2806	2
2807	1
2809	1
2810	3
2811	1
2814	2
2815	1
2817	1
2818	1
2821	1
2822	2
2825	1
2826	1
2827	1
2831	1
2832	1
2837	1
2839	1
2840	2
2842	1
2843	3
2844	1
2845	1
2849	2
2850	3
2851	1
2852	3
2854	1
2855	2
2856	1
2858	2
2859	1
2860	1
2861	1
2866	1
2868	2
2870	1
2871	1
2872	1
2875	4
2877	1
2878	1
2879	1
2880	1
2881	1
2885	1
2886	3
2891	2
2892	3
2894	1
2895	2
2896	1
2898	1
2899	1
2900	2
2901	3
2902	1
2904	1
2906	1
2909	1
2910	1
2916	1
2917	5
2919	1
2921	1
2924	2
2925	2
2927	1
2928	2
2929	3
2930	1
2931	1
2933	1
2934	1
2935	1
2936	1
2937	2
2939	1
2941	1
2942	2
2944	1
2946	4
2947	1
2948	2
2951	1
2952	2
2953	1
2954	1
2955	1
2957	1
2959	1
2960	1
2961	1
2962	1
2963	2
2964	1
2966	1
2967	2
2968	1
2969	2
2970	1
2973	1
2974	3
2975	1
2976	1
2979	2
2980	1
2981	3
2983	1
2984	1
2985	2
2989	1
2990	1
2995	3
2996	1
2997	2
2999	1
3000	2
3002	1
3007	1
3008	1
3014	2
3015	2
3016	1
3017	1
3019	1
3020	3
3022	1
3023	2
3024	1
3025	1
3027	1
3031	1
3035	1
3036	2
3039	1
3043	1
3044	1
3046	2
3047	1
3048	1
3050	1
3056	1
3057	2
3058	2
3060	2
3062	1
3065	1
3066	1
3069	1
3073	1
3074	1
3075	2
3076	1
3077	1
3079	2
3080	2
3083	2
3084	1
3085	2
3088	2
3089	1
3090	2
3091	1
3092	1
3093	1
3095	1
3096	2
3098	1
3102	2
3103	2
3104	1
3105	1
3106	1
3108	1
3112	2
3113	1
3114	1
3115	1
3116	2
3117	2
3118	1
3119	2
3124	1
3127	2
3128	2
3129	1
3132	2
3133	1
3136	1
3140	5
3141	1
3142	2
3146	2
3150	2
3151	1
3152	1
3157	1
3158	1
3159	1
3162	1
3164	2
3166	1
3167	2
3170	2
3171	2
3172	1
3173	2
3179	1
3180	1
3181	1
3182	2
3184	1
3186	2
3187	1
3188	3
3189	1
3191	2
3194	1
3196	2
3200	2
3203	1
3205	2
3206	1
3209	2
3210	1
3216	1
3218	2
3219	6
3223	3
3227	1
3229	1
3231	3
3233	2
3234	3
3236	1
3237	1
3239	2
3242	2
3243	1
3249	5
3250	2
3252	2
3257	2
3258	1
3260	1
3261	1
3262	1
3266	1
3272	1
3279	1
3280	1
3282	1
3283	2
3284	1
3285	2
3287	1
3293	1
3294	2
3295	1
3297	2
3301	1
3304	1
3307	1
3308	2
3309	1
3312	1
3314	2
3316	2
3319	4
3321	1
3322	1
3324	1
3326	1
3329	2
3330	1
3332	1
3338	1
3339	1
3340	2
3341	1
3343	2
3344	1
3345	1
3347	1
3348	1
3349	2
3352	1
3358	1
3359	1
3362	1
3368	1
3369	1
3370	2
3373	1
3375	1
3377	1
3378	1
3379	1
3381	1
3383	1
3388	1
3389	1
3394	1
3395	1
3396	2
3401	1
3403	1
3404	1
3409	2
3410	1
3411	2
3415	1
3424	1
3425	1
3429	1
3432	2
3443	1
3444	1
3446	1
3448	2
3449	1
3451	1
3453	2
3455	1
3457	1
3459	1
3462	1
3466	1
3467	1
3469	1
3473	1
3474	2
3475	1
3478	1
3479	1
3481	1
3482	1
3483	3
3485	2
3491	1
3495	1
3496	2
3499	1
3502	1
3507	2
3511	1
3519	1
3521	1
3528	1
3529	1
3530	1
3534	1
3535	1
3538	1
3539	3
3541	1
3542	2
3544	1
3545	1
3546	1
3548	1
3552	1
3553	3
3557	2
3558	1
3559	2
3564	2
3580	1
3582	1
3584	1
3586	2
3588	1
3590	1
3593	1
3597	1
3598	1
3600	1
3604	1
3605	1
3606	1
3608	1
3609	2
3612	1
3613	1
3615	1
3616	1
3619	1
3623	1
3625	2
3626	1
3627	1
3628	1
3632	1
3633	1
3634	1
3635	1
3637	2
3638	1
3640	1
3645	1
3646	1
3654	1
3660	1
3664	2
3666	1
3667	1
3669	2
3671	1
3672	2
3673	1
3674	1
3675	1
3678	1
3680	1
3681	2
3683	1
3688	2
3690	1
3697	1
3698	1
3700	2
3704	1
3705	1
3706	1
3707	1
3709	1
3711	1
3712	2
3714	3
3717	2
3721	2
3722	1
3723	1
3725	1
3727	1
3730	1
3732	1
3733	1
3736	1
3739	1
3740	1
3746	1
3748	1
3751	1
3753	1
3754	1
3756	1
3758	3
3759	1
3762	1
3764	1
3767	1
3770	1
3771	1
3777	1
3780	2
3783	1
3787	1
3788	1
3795	1
3796	1
3799	2
3801	1
3802	1
3805	1
3806	1
3807	1
3809	1
3821	1
3822	1
3823	1
3825	1
3828	1
3829	1
3831	1
3836	1
3837	1
3838	2
3839	1
3840	2
3842	1
3843	2
3846	1
3848	2
3853	2
3859	2
3862	1
3866	1
3867	1
3869	1
3871	2
3874	1
3879	2
3880	1
3881	1
3888	1
3890	1
3892	1
3893	1
3894	1
3895	1
3905	1
3910	2
3911	2
3920	1
3922	2
3923	1
3924	2
3925	1
3928	2
3929	1
3930	1
3934	1
3935	1
3939	2
3940	1
3942	1
3943	2
3950	2
3951	1
3952	1
3953	1
3954	1
3956	1
3957	2
3960	1
3964	1
3965	1
3966	1
3967	1
3968	1
3969	1
3974	1
3978	1
3979	1
3981	2
3982	1
3984	1
3988	2
3989	1
3994	1
3995	2
4003	2
4008	1
4010	1
4014	2
4017	1
4022	1
4025	1
4030	1
4031	1
4032	1
4041	1
4043	1
4045	1
4046	1
4056	1
4060	2
4063	1
4075	1
4082	1
4089	1
4092	1
4093	1
4098	1
4100	1
4109	1
4111	1
4116	1
4117	1
4119	1
4122	1
4123	1
4125	1
4126	3
4130	1
4134	1
4135	1
4141	1
4150	1
4153	1
4155	1
4160	1
4162	1
4166	1
4175	1
4177	1
4180	1
4182	1
4184	1
4185	1
4192	1
4193	1
4202	1
4212	1
4213	1
4230	1
4231	1
4236	1
4243	1
4250	1
4258	1
4261	1
4266	1
4267	1
4269	1
4283	1
4284	1
4286	1
4287	1
4292	1
4301	1
4306	1
4312	1
4316	1
4319	1
4320	1
4324	1
4330	4
4331	1
4333	1
4334	1
4336	1
4337	1
4338	1
4344	1
4348	2
4351	1
4354	1
4363	1
4366	1
4369	2
4370	1
4374	1
4377	1
4379	1
4380	1
4384	1
4389	1
4396	1
4398	1
4399	1
4402	1
4403	2
4404	1
4407	1
4409	1
4414	1
4415	1
4422	1
4426	1
4428	3
4430	2
4434	1
4435	1
4438	1
4440	2
4444	1
4451	1
4460	3
4461	1
4467	1
4469	1
4473	1
4480	1
4486	1
4487	1
4496	1
4497	2
4501	1
4502	1
4509	1
4510	1
4512	1
4513	1
4519	1
4520	1
4521	1
4528	1
4535	1
4542	1
4543	1
4548	1
4549	1
4554	1
4555	1
4560	1
4569	2
4572	1
4585	1
4589	1
4601	1
4604	2
4605	1
4607	1
4612	1
4614	1
4618	1
4630	1
4634	1
4636	1
4643	1
4648	1
4650	1
4657	1
4666	1
4673	1
4679	1
4684	1
4687	1
4689	1
4693	1
4695	1
4703	2
4704	1
4708	1
4711	1
4712	1
4714	1
4715	1
4716	1
4717	1
4721	1
4729	1
4732	1
4733	1
4738	1
4744	1
4746	1
4750	1
4751	2
4752	1
4756	1
4763	1
4767	1
4772	1
4776	1
4786	1
4789	1
4791	1
4792	1
4795	3
4797	1
4798	1
4806	1
4809	1
4817	1
4821	1
4822	1
4826	1
4827	1
4839	1
4841	1
4844	1
4852	1
4859	1
4860	1
4862	1
4863	2
4866	1
4867	1
4873	1
4874	1
4878	2
4880	1
4888	2
4894	1
4900	1
4901	1
4904	1
4905	1
4908	2
4910	1
4911	1
4912	1
4913	1
4917	1
4919	1
4920	1
4921	1
4931	1
4935	1
4936	2
4937	1
4938	1
4941	2
4947	1
4949	1
4950	1
4956	1
4961	1
4964	1
4982	1
4983	1
4986	1
4988	1
4990	1
4991	1
4993	1
4994	1
4996	1
4998	1
5017	1
5021	2
5026	2
5027	1
5031	1
5036	1
5040	1
5044	1
5046	1
5054	1
5059	1
5068	2
5072	1
5077	1
5080	1
5082	1
5083	1
5099	1
5110	1
5112	1
5113	1
5116	1
5123	2
5125	2
5128	1
5136	1
5137	2
5143	1
5148	1
5154	1
5162	1
5164	1
5167	1
5168	2
5181	1
5189	1
5192	1
5194	1
5199	1
5203	1
5212	1
5218	2
5222	1
5226	1
5228	1
5241	1
5242	1
5244	1
5248	1
5255	2
5257	2
5258	2
5259	1
5271	1
5284	1
5285	2
5289	1
5292	1
5297	2
5300	1
5303	1
5304	1
5313	1
5316	1
5317	1
5321	2
5324	1
5325	1
5326	1
5334	2
5342	1
5344	1
5346	1
5347	1
5348	1
5353	1
5363	1
5364	1
5369	1
5377	1
5381	1
5384	1
5386	1
5392	1
5401	1
5404	1
5410	1
5411	1
5413	1
5417	1
5418	1
5426	1
5429	1
5463	1
5464	1
5465	1
5466	1
5474	1
5477	1
5479	1
5480	1
5486	1
5489	1
5491	1
5492	1
5496	1
5499	1
5500	1
5502	1
5503	1
5505	1
5507	1
5514	1
5523	1
5527	1
5530	2
5537	1
5541	2
5543	2
5548	1
5550	1
5552	1
5555	1
5558	1
5559	2
5560	1
5562	1
5564	1
5566	1
5568	1
5572	1
5575	1
5576	1
5577	1
5582	1
5588	1
5592	1
5594	1
5602	1
5615	1
5627	1
5631	1
5634	3
5635	1
5637	1
5640	1
5644	2
5647	1
5651	1
5655	1
5662	1
5664	1
5667	1
5669	1
5671	1
5674	1
5675	2
5678	1
5679	1
5684	1
5685	1
5686	2
5690	2
5696	1
5697	1
5701	1
5708	1
5710	1
5711	1
5724	1
5725	2
5726	1
5727	1
5732	1
5740	1
5749	1
5750	1
5756	1
5758	1
5761	1
5765	1
5774	1
5790	1
5798	2
5804	1
5809	1
5810	1
5820	1
5821	1
5824	1
5831	1
5832	1
5839	1
5844	1
5845	1
5847	1
5852	1
5854	1
5856	1
5860	1
5862	1
5866	2
5867	1
5872	1
5874	2
5887	1
5891	1
5892	1
5893	1
5897	1
5900	1
5901	1
5903	2
5910	1
5913	1
5916	2
5918	1
5924	2
5926	1
5931	1
5935	1
5936	1
5941	1
5942	1
5943	1
5946	2
5955	3
5956	1
5959	1
5960	2
5961	1
5962	1
5964	1
5965	1
5969	1
5987	1
5989	1
5998	1
6002	1
6006	1
6007	1
6010	1
6016	1
6017	1
6022	1
6023	1
6024	1
6030	1
6031	1
6034	1
6036	1
6040	1
6041	1
6071	1
6075	1
6078	1
6087	1
6088	1
6089	2
6096	1
6097	1
6104	1
6117	1
6120	1
6126	1
6129	1
6132	1
6136	1
6139	1
6150	1
6153	1
6156	1
6165	1
6167	1
6183	1
6184	1
6188	1
6190	1
6198	1
6203	1
6205	1
6217	1
6219	1
6220	1
6221	1
6222	1
6224	1
6227	1
6229	1
6231	1
6233	2
6234	1
6236	1
6238	1
6242	1
6249	1
6253	1
6257	1
6264	1
6266	1
6269	1
6270	1
6273	1
6278	1
6281	1
6300	1
6304	1
6308	1
6310	2
6325	2
6337	1
6343	1
6347	1
6352	1
6353	1
6364	1
6368	2
6372	1
6373	1
6374	1
6388	1
6393	1
6403	1
6404	1
6407	1
6421	1
6423	1
6427	1
6435	1
6436	1
6437	1
6440	1
6442	1
6448	1
6451	1
6456	1
6457	1
6463	1
6475	1
6476	1
6487	1
6488	1
6491	1
6495	2
6500	2
6501	1
6508	1
6513	1
6521	1
6522	1
6523	1
6524	1
6527	1
6528	1
6530	1
6531	1
6538	1
6539	1
6540	1
6547	1
6548	1
6549	1
6566	2
6570	1
6571	1
6575	1
6580	1
6588	1
6593	1
6594	1
6599	1
6600	2
6610	1
6614	1
6635	2
6637	1
6640	2
6647	1
6652	1
6658	1
6660	1
6670	1
6689	1
6700	1
6703	1
6705	1
6731	1
6736	1
6769	1
6772	2
6774	1
6780	1
6781	1
6783	1
6786	2
6791	1
6794	1
6802	1
6808	1
6819	1
6830	1
6832	2
6841	1
6842	1
6851	1
6856	2
6857	1
6861	1
6862	1
6863	1
6871	1
6874	1
6897	1
6898	1
6903	1
6906	1
6909	1
6914	1
6916	1
6917	1
6919	1
6920	1
6939	2
6947	1
6950	1
6952	1
6964	1
6969	1
6971	1
6984	1
6986	2
6996	1
6997	1
7000	2
7009	1
7011	1
7014	1
7028	1
7035	1
7037	1
7046	1
7051	1
7053	1
7056	1
7059	1
7064	2
7065	1
7066	1
7072	1
7077	1
7081	1
7083	1
7086	1
7096	1
7104	1
7110	1
7123	1
7125	1
7126	1
7130	1
7137	1
7142	2
7144	1
7150	1
7153	1
7156	1
7162	1
7163	1
7168	1
7172	1
7179	1
7217	1
7218	1
7221	1
7222	1
7230	1
7231	1
7233	2
7236	1
7241	1
7242	2
7243	1
7244	1
7248	1
7252	1
7254	2
7264	2
7265	2
7268	1
7270	1
7272	1
7279	1
7283	1
7284	1
7288	1
7294	2
7295	1
7305	1
7309	1
7311	1
7323	1
7325	1
7336	1
7361	1
7362	1
7364	1
7367	1
7372	1
7375	1
7378	1
7379	1
7391	1
7392	1
7393	1
7398	1
7399	2
7402	1
7415	2
7419	1
7434	1
7437	1
7462	1
7464	1
7470	1
7482	1
7483	1
7502	2
7503	1
7504	1
7506	1
7512	1
7516	1
7518	1
7522	1
7526	1
7528	1
7540	1
7543	1
7545	1
7547	1
7548	2
7552	1
7553	1
7558	2
7564	1
7566	1
7570	1
7571	1
7575	1
7583	1
7584	1
7600	1
7604	1
7616	1
7618	1
7619	2
7621	1
7623	1
7624	1
7625	1
7634	1
7645	1
7646	1
7656	1
7661	2
7668	1
7678	1
7687	2
7698	2
7724	1
7750	1
7766	1
7767	1
7790	1
7793	1
7832	1
7838	1
7842	1
7846	1
7850	1
7854	1
7860	1
7866	1
7868	1
7870	1
7871	1
7889	1
7890	1
7934	1
7936	1
7948	2
7949	1
7959	1
7969	1
7977	1
7982	1
7987	1
7990	1
8005	1
8017	1
8030	1
8036	1
8037	1
8043	1
8048	1
8059	1
8061	1
8072	1
8073	1
8075	1
8101	1
8117	1
8126	1
8140	1
8142	1
8146	1
8147	1
8148	1
8169	1
8193	1
8210	1
8226	1
8232	1
8234	1
8236	1
8249	1
8253	1
8254	1
8255	1
8257	2
8259	1
8260	1
8269	1
8282	1
8283	1
8289	1
8293	1
8307	1
8326	1
8337	1
8341	1
8344	1
8354	1
8361	1
8369	1
8399	1
8403	2
8405	1
8467	1
8499	1
8504	1
8508	1
8510	1
8552	1
8564	1
8574	1
8582	1
8585	1
8625	1
8629	1
8647	1
8665	1
8685	1
8777	1
8779	1
8794	2
8823	1
8836	1
8838	1
8875	1
8896	1
8916	1
8937	1
8949	1
8956	1
8964	1
8982	1
8986	1
8993	1
9024	1
9028	1
9048	1
9107	1
9116	1
9118	1
9126	1
9213	1
9222	1
9252	1
9268	1
9271	1
9272	1
9302	1
9308	1
9315	1
9323	1
9334	1
9354	1
9369	1
9371	1
9376	1
9388	1
9412	1
9427	2
9470	1
9477	1
9483	1
9484	1
9489	1
9491	1
9506	1
9528	1
9535	1
9544	1
9555	1
9567	1
9578	1
9580	1
9589	1
9600	1
9606	1
9607	1
9608	1
9615	1
9617	2
9621	1
9622	1
9623	1
9626	1
9628	1
9634	1
9636	1
9656	1
9664	1
9676	1
9679	1
9684	1
9691	1
9725	1
9730	1
9733	1
9734	1
9770	1
9773	1
9793	1
9803	1
9845	1
9851	1
9852	1
9858	1
9879	1
9882	1
9899	1
9922	1
9979	1
9982	1
9998	1
10019	1
10029	1
10031	1
10033	1
10042	1
10066	1
10067	1
10101	1
10102	1
10126	1
10140	1
10188	1
10197	1
10199	1
10220	1
10223	2
10232	1
10251	1
10272	1
10289	1
10320	1
10329	1
10336	1
10380	1
10412	1
10413	1
10426	1
10427	1
10434	1
10449	1
10458	1
10465	1
10478	1
10506	1
10510	1
10512	1
10518	1
10530	1
10535	1
10543	1
10570	1
10598	1
10607	1
10608	1
10612	1
10613	1
10614	1
10646	1
10649	1
10654	1
10667	1
10668	1
10696	1
10712	1
10727	1
10758	1
10766	1
10769	1
10770	1
10799	2
10803	1
10812	1
10846	1
10874	1
10882	1
10896	1
10901	1
10907	1
10909	1
10911	1
10947	1
10950	1
10975	1
10989	1
11015	1
11053	1
11059	1
11061	1
11075	1
11090	1
11091	1
11103	1
11105	1
11112	1
11114	1
11118	1
11130	1
11141	1
11145	1
11168	1
11177	1
11196	1
11211	1
11232	1
11244	1
11279	1
11292	1
11315	1
11361	1
11385	1
11398	1
11408	1
11416	1
11426	1
11434	1
11460	1
11463	1
11466	1
11495	1
11505	1
11542	1
11554	1
11568	1
11577	1
11585	1
11587	1
11590	1
11608	1
11609	1
11639	1
11660	1
11665	1
11681	1
11693	1
11698	1
11712	1
11736	1
11783	1
11790	1
11795	1
11822	1
11831	1
11851	1
11869	1
11911	1
11940	1
11945	1
11959	1
11964	1
11980	1
11996	1
11997	1
12025	1
12053	1
12094	1
12118	1
12214	1
12239	1
12251	1
12260	1
12267	1
12303	1
12321	1
12324	1
12357	1
12375	1
12420	1
12422	1
12452	1
12464	1
12469	1
12477	1
12522	1
12554	1
12555	1
12558	1
12567	1
12697	1
12752	1
12768	1
12784	2
12792	1
12836	1
12843	1
12882	1
12892	1
12899	1
12921	1
12952	1
12988	1
13015	1
13067	1
13095	1
13117	1
13121	1
13128	1
13160	2
13179	1
13187	1
13283	1
13326	1
13339	1
13342	1
13347	1
13402	1
13412	1
13427	1
13461	1
13490	1
13491	1
13503	1
13556	1
13581	1
13621	1
13626	1
13640	1
13691	1
13736	1
13750	1
13773	1
13774	1
13783	1
13785	1
13797	1
13798	1
13801	1
13808	1
13828	1
13836	1
13875	1
13878	1
13921	1
13926	1
13968	1
13969	1
14090	1
14181	1
14239	1
14282	1
14333	1
14352	1
14365	1
14375	2
14382	1
14432	1
14456	1
14473	1
14497	1
14499	1
14552	1
14561	1
14602	1
14604	1
14609	1
14615	1
14622	1
14650	1
14689	1
14692	1
14697	1
14730	1
14764	1
14788	1
14850	1
14914	1
14929	1
14930	1
14952	1
14953	1
14977	1
14983	1
14987	1
14988	1
14990	1
14992	1
15033	1
15145	1
15164	1
15172	1
15300	1
15330	1
15350	1
15397	1
15402	1
15409	1
15445	1
15467	1
15470	1
15480	1
15521	1
15529	1
15570	1
15584	1
15629	1
15645	1
15710	1
15804	1
15859	1
15886	1
15941	1
15951	2
15954	1
16041	1
16044	1
16056	1
16081	1
16144	1
16234	1
16287	1
16298	1
16316	1
16421	1
16454	1
16455	1
16497	1
16547	1
16598	1
16618	1
16649	1
16683	1
16686	1
16744	1
16974	1
17077	1
17078	1
17229	1
17358	1
17367	1
17429	1
17505	1
17548	1
17654	1
17701	1
17738	1
17754	1
17760	1
17791	1
17831	1
17839	1
17874	1
17875	1
17887	1
17903	1
17916	1
17924	1
17930	1
17944	1
18005	1
18035	1
18102	1
18154	1
18234	1
18247	1
18267	1
18420	1
18625	1
18714	1
18829	1
18909	1
18931	1
18955	1
18958	1
19019	1
19071	1
19090	1
19160	1
19191	1
19254	1
19318	1
19328	1
19332	1
19347	1
19366	1
19377	1
19386	1
19429	1
19472	1
19511	1
19549	1
19575	1
19668	1
19877	1
19920	1
19933	1
19936	1
19945	2
19958	1
19962	1
19965	1
20031	1
20156	1
20289	1
20315	1
20318	1
20346	1
20373	1
20377	1
20679	1
20718	1
20799	1
20837	1
20850	1
20863	1
21046	1
21061	1
21085	1
21107	1
21218	1
21360	1
21400	1
21476	1
21611	1
21664	1
21666	1
21681	1
21745	1
21747	1
21753	1
21763	1
21768	1
21778	1
21847	1
21859	1
21894	1
21915	1
21930	1
21931	1
21949	1
22019	1
22159	1
22168	1
22182	2
22189	1
22294	1
22469	1
22477	1
22532	1
22576	1
22615	1
22859	1
22927	1
22992	1
23070	1
23162	1
23204	1
23242	1
23250	1
23294	1
23722	1
24134	1
24237	1
24387	1
24484	1
24536	1
24668	1
24749	1
24994	1
25010	1
25016	1
25098	1
25181	1
25207	1
25247	1
25346	1
25354	1
25373	1
25385	1
25405	1
25407	1
25421	1
25451	1
25505	1
25584	1
25714	1
25875	1
25922	1
25948	1
26066	1
26508	1
26697	1
26843	1
26846	1
26884	1
26969	1
27023	1
27063	1
27174	1
27209	1
27380	1
27407	1
27430	1
27446	1
27469	1
27517	1
27535	1
27645	1
27946	1
27953	1
27956	1
27983	1
28039	1
28059	1
28126	2
28134	1
28217	1
28363	1
29443	1
29605	1
29797	1
30071	1
30243	1
30491	1
30935	1
31902	1
31942	1
32025	1
32036	1
32096	1
32290	1
32309	1
32338	1
32373	2
32380	1
32384	1
32401	1
32461	1
32467	1
32486	1
32544	1
32562	1
32571	1
32595	1
32639	1
33140	1
33153	1
33460	1
34060	1
34113	1
34124	1
34128	1
34275	1
34299	1
34316	1
34704	1
34721	1
35108	1
35251	1
36098	1
36740	1
36813	1
37071	1
37279	1
37719	1
37787	1
38467	1
38729	1
38964	1
39793	1
39946	1
39994	1
40234	1
40387	1
41158	1
41293	1
41448	1
41647	1
41975	1
42022	1
42397	1
42420	1
42423	1
42528	1
42579	1
42618	1
42821	1
43270	1
43381	1
43401	1
43475	1
43683	1
44215	1
44224	1
44269	1
44521	1
46265	1
46885	1
47535	1
47657	1
48142	1
48182	1
48197	1
48471	1
50231	1
50547	1
50879	1
51163	1
51891	1
52388	1
52603	1
52966	1
53329	1
53424	1
53452	1
53590	1
53859	1
55213	1
56849	1
61349	1
63542	1
68477	1
68716	1
69106	1
69633	1
69910	1
72243	1
72878	1
72943	1
73134	1
76930	1
76955	1
76982	1
78649	1
84198	1
84248	1
84266	1
84590	1
84772	1
84952	1
85607	1
85754	1
87351	1
88747	1
91269	1
92237	1
92265	1
93041	1
93095	1
93104	1
93308	1
93419	1
93517	1
93609	1
93672	1
93702	1
94112	1
95683	1
96015	1
96026	1
96164	1
98244	1
100000	126
