#Depth	Count
1	2230786256
2	132172854
3	25139050
4	10087569
5	3525600
6	1808826
7	874129
8	520837
9	321144
10	222093
11	161409
12	124437
13	100085
14	82662
15	69520
16	60027
17	51691
18	45770
19	40321
20	35950
21	32393
22	28881
23	26663
24	24138
25	22139
26	20122
27	18228
28	17052
29	16082
30	14679
31	13679
32	12955
33	12151
34	11287
35	10825
36	9888
37	9275
38	8991
39	8155
40	8035
41	7434
42	7117
43	6910
44	6570
45	6174
46	5871
47	5675
48	5431
49	5257
50	5080
51	4888
52	4688
53	4612
54	4401
55	4186
56	3946
57	3891
58	3698
59	3519
60	3432
61	3377
62	3190
63	3088
64	3035
65	2943
66	2775
67	2628
68	2637
69	2527
70	2381
71	2413
72	2302
73	2280
74	2157
75	2087
76	2105
77	1965
78	1905
79	1847
80	1897
81	1765
82	1765
83	1739
84	1569
85	1617
86	1536
87	1505
88	1496
89	1491
90	1437
91	1408
92	1311
93	1374
94	1300
95	1304
96	1211
97	1230
98	1182
99	1201
100	1129
101	1150
102	1076
103	1106
104	1052
105	1101
106	1069
107	931
108	921
109	1019
110	1033
111	985
112	954
113	894
114	887
115	875
116	878
117	766
118	845
119	801
120	835
121	794
122	807
123	742
124	780
125	739
126	679
127	717
128	684
129	699
130	696
131	652
132	599
133	624
134	525
135	611
136	597
137	626
138	596
139	568
140	555
141	542
142	564
143	535
144	583
145	574
146	545
147	490
148	505
149	514
150	494
151	512
152	519
153	460
154	448
155	434
156	481
157	468
158	433
159	433
160	431
161	394
162	394
163	409
164	412
165	387
166	366
167	396
168	386
169	353
170	377
171	361
172	362
173	357
174	324
175	349
176	364
177	361
178	348
179	388
180	338
181	342
182	319
183	311
184	346
185	301
186	327
187	315
188	310
189	339
190	315
191	303
192	303
193	339
194	301
195	315
196	272
197	289
198	276
199	284
200	283
201	275
202	272
203	251
204	265
205	297
206	281
207	276
208	282
209	286
210	249
211	229
212	267
213	232
214	229
215	261
216	240
217	243
218	224
219	230
220	210
221	204
222	200
223	223
224	217
225	213
226	203
227	211
228	202
229	206
230	190
231	196
232	204
233	198
234	219
235	186
236	179
237	211
238	180
239	201
240	202
241	207
242	208
243	193
244	181
245	173
246	188
247	145
248	191
249	188
250	196
251	170
252	167
253	198
254	152
255	193
256	144
257	168
258	161
259	167
260	162
261	168
262	176
263	150
264	151
265	147
266	183
267	143
268	153
269	163
270	147
271	148
272	144
273	149
274	136
275	132
276	158
277	149
278	161
279	143
280	137
281	149
282	137
283	137
284	129
285	153
286	146
287	127
288	138
289	137
290	147
291	142
292	135
293	139
294	113
295	137
296	125
297	133
298	131
299	127
300	115
301	105
302	117
303	112
304	136
305	112
306	114
307	138
308	124
309	121
310	114
311	119
312	145
313	130
314	123
315	117
316	109
317	124
318	112
319	122
320	123
321	115
322	107
323	108
324	120
325	102
326	110
327	106
328	97
329	98
330	120
331	99
332	110
333	85
334	119
335	124
336	108
337	101
338	103
339	91
340	100
341	113
342	98
343	87
344	93
345	102
346	98
347	95
348	94
349	92
350	95
351	102
352	98
353	96
354	95
355	95
356	84
357	100
358	117
359	81
360	84
361	98
362	105
363	91
364	87
365	85
366	70
367	95
368	79
369	84
370	85
371	82
372	83
373	91
374	87
375	69
376	75
377	81
378	75
379	70
380	79
381	90
382	86
383	69
384	62
385	76
386	64
387	74
388	74
389	79
390	73
391	88
392	87
393	96
394	62
395	75
396	59
397	82
398	84
399	66
400	73
401	83
402	79
403	76
404	70
405	72
406	80
407	56
408	75
409	62
410	62
411	60
412	59
413	59
414	65
415	63
416	62
417	52
418	63
419	56
420	68
421	61
422	81
423	56
424	53
425	65
426	42
427	69
428	66
429	66
430	76
431	61
432	68
433	58
434	63
435	50
436	50
437	54
438	54
439	58
440	51
441	52
442	55
443	50
444	75
445	53
446	65
447	70
448	44
449	60
450	57
451	45
452	56
453	45
454	62
455	59
456	42
457	42
458	59
459	57
460	64
461	51
462	64
463	48
464	59
465	56
466	59
467	52
468	51
469	33
470	58
471	55
472	40
473	66
474	47
475	54
476	41
477	51
478	42
479	51
480	50
481	61
482	55
483	36
484	62
485	49
486	46
487	50
488	38
489	57
490	46
491	53
492	41
493	54
494	49
495	45
496	39
497	40
498	50
499	39
500	41
501	37
502	51
503	47
504	42
505	46
506	46
507	56
508	46
509	36
510	46
511	43
512	48
513	41
514	40
515	42
516	40
517	59
518	53
519	53
520	45
521	42
522	33
523	57
524	41
525	37
526	42
527	38
528	39
529	42
530	45
531	38
532	28
533	42
534	39
535	30
536	34
537	46
538	44
539	42
540	35
541	39
542	34
543	30
544	39
545	42
546	39
547	41
548	41
549	46
550	35
551	43
552	33
553	47
554	40
555	33
556	39
557	50
558	16
559	37
560	34
561	44
562	33
563	34
564	30
565	25
566	39
567	47
568	41
569	42
570	25
571	34
572	27
573	37
574	42
575	35
576	42
577	38
578	39
579	40
580	37
581	35
582	32
583	28
584	34
585	39
586	30
587	34
588	24
589	37
590	43
591	40
592	33
593	38
594	26
595	42
596	41
597	35
598	43
599	33
600	31
601	36
602	32
603	23
604	40
605	39
606	26
607	36
608	34
609	26
610	27
611	31
612	36
613	38
614	29
615	38
616	29
617	32
618	24
619	34
620	39
621	30
622	34
623	38
624	36
625	33
626	27
627	29
628	25
629	32
630	29
631	34
632	32
633	36
634	27
635	33
636	21
637	39
638	25
639	25
640	29
641	32
642	26
643	32
644	29
645	28
646	27
647	33
648	23
649	35
650	29
651	28
652	22
653	18
654	28
655	24
656	41
657	22
658	28
659	30
660	34
661	39
662	28
663	28
664	36
665	25
666	31
667	28
668	30
669	23
670	22
671	23
672	27
673	23
674	28
675	22
676	29
677	21
678	27
679	24
680	22
681	23
682	28
683	26
684	20
685	29
686	43
687	28
688	28
689	26
690	32
691	30
692	21
693	30
694	20
695	29
696	24
697	22
698	28
699	28
700	23
701	27
702	28
703	34
704	26
705	31
706	24
707	27
708	27
709	18
710	16
711	23
712	24
713	19
714	21
715	24
716	23
717	34
718	23
719	20
720	19
721	22
722	18
723	25
724	17
725	28
726	22
727	23
728	23
729	19
730	15
731	19
732	21
733	22
734	20
735	21
736	23
737	19
738	19
739	28
740	18
741	30
742	19
743	16
744	26
745	19
746	17
747	21
748	21
749	20
750	20
751	30
752	20
753	21
754	18
755	12
756	24
757	21
758	20
759	28
760	24
761	24
762	14
763	23
764	17
765	21
766	24
767	18
768	27
769	29
770	20
771	15
772	17
773	13
774	15
775	34
776	15
777	15
778	17
779	22
780	26
781	22
782	12
783	21
784	17
785	23
786	22
787	17
788	11
789	15
790	23
791	22
792	25
793	13
794	24
795	14
796	12
797	17
798	14
799	15
800	23
801	25
802	20
803	17
804	23
805	24
806	20
807	20
808	22
809	26
810	24
811	23
812	24
813	19
814	23
815	22
816	15
817	16
818	17
819	23
820	21
821	16
822	25
823	14
824	15
825	22
826	23
827	14
828	16
829	16
830	17
831	19
832	20
833	21
834	16
835	16
836	15
837	14
838	17
839	17
840	20
841	19
842	18
843	17
844	18
845	14
846	17
847	15
848	21
849	14
850	20
851	19
852	11
853	18
854	16
855	16
856	17
857	18
858	16
859	12
860	17
861	14
862	13
863	20
864	25
865	13
866	10
867	19
868	22
869	19
870	15
871	14
872	13
873	14
874	19
875	15
876	8
877	15
878	15
879	18
880	12
881	14
882	25
883	17
884	9
885	15
886	15
887	17
888	13
889	21
890	19
891	12
892	22
893	15
894	19
895	9
896	14
897	15
898	7
899	20
900	20
901	15
902	11
903	7
904	15
905	14
906	15
907	23
908	17
909	16
910	9
911	14
912	20
913	17
914	13
915	20
916	12
917	17
918	19
919	14
920	13
921	20
922	10
923	13
924	16
925	15
926	12
927	21
928	16
929	11
930	7
931	17
932	11
933	8
934	11
935	14
936	14
937	20
938	15
939	14
940	12
941	18
942	12
943	10
944	13
945	19
946	4
947	15
948	16
949	15
950	18
951	14
952	14
953	16
954	13
955	9
956	14
957	11
958	12
959	13
960	8
961	25
962	7
963	10
964	13
965	14
966	14
967	14
968	9
969	14
970	8
971	10
972	12
973	10
974	11
975	12
976	19
977	17
978	11
979	13
980	15
981	8
982	8
983	13
984	15
985	9
986	19
987	11
988	14
989	17
990	9
991	16
992	16
993	10
994	10
995	11
996	15
997	16
998	8
999	9
1000	14
1001	10
1002	9
1003	6
1004	7
1005	10
1006	10
1007	8
1008	7
1009	10
1010	14
1011	8
1012	18
1013	11
1014	13
1015	6
1016	13
1017	14
1018	11
1019	15
1020	10
1021	13
1022	10
1023	7
1024	8
1025	10
1026	13
1027	12
1028	10
1029	7
1030	11
1031	12
1032	10
1033	10
1034	17
1035	15
1036	14
1037	16
1038	5
1039	9
1040	13
1041	12
1042	14
1043	4
1044	14
1045	5
1046	12
1047	11
1048	11
1049	15
1050	15
1051	11
1052	9
1053	14
1054	7
1055	10
1056	15
1057	13
1058	11
1059	15
1060	14
1061	8
1062	7
1063	12
1064	10
1065	7
1066	9
1067	11
1068	17
1069	7
1070	6
1071	20
1072	1
1073	14
1074	7
1075	9
1076	12
1077	7
1078	18
1079	9
1080	11
1081	9
1082	6
1083	13
1084	10
1085	8
1086	13
1087	12
1088	6
1089	9
1090	6
1091	13
1092	10
1093	9
1094	11
1095	6
1096	8
1097	9
1098	14
1099	7
1100	9
1101	10
1102	11
1103	10
1104	12
1105	13
1106	5
1107	12
1108	12
1109	9
1110	14
1111	14
1112	9
1113	9
1114	5
1115	11
1116	8
1117	12
1118	17
1119	15
1120	5
1121	7
1122	12
1123	9
1124	12
1125	10
1126	7
1127	6
1128	10
1129	8
1130	8
1131	11
1132	5
1133	7
1134	4
1135	10
1136	12
1137	6
1138	9
1139	6
1140	13
1141	12
1142	9
1143	13
1144	16
1145	6
1146	5
1147	9
1148	9
1149	13
1150	13
1151	4
1152	10
1153	5
1154	10
1155	6
1156	14
1157	8
1158	8
1159	6
1160	7
1161	10
1162	7
1163	8
1164	9
1165	9
1166	11
1167	7
1168	6
1169	12
1170	7
1171	9
1172	6
1173	6
1174	13
1175	12
1176	9
1177	6
1178	8
1179	5
1180	7
1181	11
1182	8
1183	3
1184	4
1185	8
1186	5
1187	10
1188	7
1189	8
1190	10
1191	11
1192	6
1193	15
1194	9
1195	11
1196	8
1197	8
1198	8
1199	7
1200	2
1201	6
1202	3
1203	9
1204	8
1205	3
1206	9
1207	6
1208	10
1209	15
1210	9
1211	7
1212	3
1213	11
1214	9
1215	11
1216	6
1217	4
1218	4
1219	8
1220	6
1221	3
1222	6
1223	6
1224	9
1225	9
1226	10
1227	8
1228	4
1229	6
1230	5
1231	10
1232	8
1233	7
1234	7
1235	11
1236	9
1237	6
1238	6
1239	6
1240	7
1241	8
1242	5
1243	5
1244	8
1245	6
1246	11
1247	8
1248	8
1249	12
1250	15
1251	15
1252	8
1253	6
1254	5
1255	2
1256	6
1257	4
1258	7
1259	5
1260	5
1261	5
1262	6
1263	8
1264	9
1265	13
1266	9
1267	6
1268	7
1269	3
1270	7
1271	8
1272	12
1273	9
1274	6
1275	6
1276	8
1277	6
1278	5
1279	8
1280	4
1281	8
1282	10
1283	4
1284	9
1285	8
1286	6
1287	3
1288	5
1289	4
1290	6
1291	8
1292	6
1293	5
1294	11
1295	8
1296	5
1297	12
1298	6
1299	8
1300	8
1301	7
1302	7
1303	9
1304	10
1305	8
1306	10
1307	5
1308	4
1309	3
1310	12
1311	11
1312	6
1313	3
1314	8
1315	5
1316	4
1317	8
1318	13
1319	9
1320	7
1321	13
1322	9
1323	7
1324	8
1325	3
1326	4
1327	8
1328	7
1329	7
1330	7
1331	9
1332	2
1333	10
1334	10
1335	13
1336	6
1337	6
1338	5
1339	7
1340	6
1341	5
1343	4
1344	2
1345	4
1346	5
1347	7
1348	5
1349	7
1350	8
1351	5
1352	7
1353	6
1354	12
1355	14
1356	6
1357	2
1358	4
1359	5
1360	12
1361	10
1362	6
1363	6
1364	2
1365	8
1366	6
1367	9
1368	6
1369	9
1370	11
1371	8
1372	5
1373	9
1374	9
1375	3
1376	2
1377	8
1378	5
1379	8
1380	11
1381	2
1382	8
1383	3
1384	7
1385	9
1386	1
1387	7
1388	6
1389	5
1390	12
1391	6
1392	6
1393	5
1394	6
1395	10
1396	6
1397	10
1398	5
1399	4
1400	7
1401	8
1402	8
1403	5
1404	7
1405	8
1406	4
1407	7
1408	5
1409	8
1410	6
1411	7
1412	7
1413	1
1414	6
1415	9
1416	7
1417	10
1418	2
1419	4
1420	6
1421	5
1422	6
1423	3
1424	7
1425	9
1426	6
1427	6
1428	5
1429	5
1430	11
1431	3
1432	4
1433	11
1434	5
1435	5
1436	5
1437	7
1439	5
1440	5
1441	7
1442	5
1443	12
1444	7
1445	10
1446	8
1447	2
1448	3
1449	4
1450	5
1451	10
1452	6
1453	6
1454	7
1455	9
1456	6
1457	4
1458	6
1459	7
1460	4
1461	5
1462	4
1463	3
1464	5
1465	2
1466	5
1467	4
1468	6
1469	2
1470	8
1471	3
1472	5
1473	7
1474	4
1475	3
1476	2
1477	7
1478	6
1479	4
1480	12
1481	6
1483	7
1484	5
1485	7
1486	7
1487	7
1488	9
1489	9
1490	4
1491	6
1492	8
1493	2
1494	10
1495	7
1496	4
1497	2
1498	4
1499	6
1500	6
1501	2
1502	6
1503	9
1504	6
1505	4
1506	8
1507	4
1509	3
1510	8
1511	7
1512	3
1513	5
1514	6
1515	9
1516	6
1517	1
1518	6
1519	7
1520	3
1521	7
1522	7
1523	7
1524	4
1525	8
1526	8
1527	8
1528	6
1529	2
1530	4
1531	5
1532	3
1533	4
1534	4
1535	5
1536	1
1537	8
1538	3
1539	2
1540	4
1541	3
1542	3
1543	5
1544	6
1545	1
1546	7
1547	2
1548	1
1549	6
1550	4
1551	6
1552	10
1553	5
1554	6
1555	2
1556	7
1557	8
1558	4
1559	5
1560	5
1561	6
1562	6
1563	7
1564	3
1565	10
1566	4
1567	9
1568	3
1569	7
1570	4
1571	2
1572	3
1573	4
1574	4
1575	5
1576	8
1577	3
1578	7
1579	8
1580	8
1581	8
1582	5
1583	3
1584	11
1585	5
1586	3
1587	5
1588	3
1589	7
1590	4
1591	7
1592	3
1593	5
1594	7
1595	3
1596	4
1597	5
1598	5
1599	5
1600	6
1601	4
1602	2
1603	4
1604	7
1605	4
1606	3
1607	8
1608	4
1609	7
1610	5
1611	8
1613	6
1614	1
1615	4
1616	8
1617	9
1618	4
1619	3
1620	3
1621	8
1622	7
1623	1
1624	3
1625	2
1626	5
1627	5
1628	10
1629	7
1630	2
1631	3
1632	3
1633	8
1634	6
1635	3
1636	4
1637	2
1638	6
1639	8
1640	3
1641	8
1642	1
1643	4
1644	5
1645	1
1646	2
1648	4
1649	1
1650	6
1651	4
1652	1
1653	5
1654	9
1655	4
1656	10
1657	3
1658	5
1659	7
1660	2
1661	6
1662	4
1663	2
1664	3
1665	5
1666	4
1667	4
1668	4
1669	5
1671	5
1672	3
1673	6
1674	2
1675	2
1676	3
1677	8
1678	10
1679	2
1680	7
1681	4
1682	4
1683	3
1684	6
1685	8
1686	4
1687	9
1688	6
1689	5
1690	3
1692	6
1693	4
1694	7
1695	6
1696	4
1697	8
1698	1
1699	6
1700	1
1701	4
1702	7
1703	4
1704	5
1705	7
1706	3
1707	1
1708	2
1709	6
1710	2
1711	5
1712	3
1713	6
1714	6
1715	4
1716	4
1717	3
1718	4
1719	3
1720	2
1721	5
1722	3
1723	7
1724	4
1725	2
1726	4
1727	6
1728	8
1729	4
1730	3
1731	3
1732	3
1733	2
1734	3
1735	5
1736	5
1737	7
1738	3
1739	1
1740	3
1741	3
1742	1
1743	11
1744	7
1745	2
1746	5
1747	3
1748	6
1749	3
1750	2
1751	4
1752	4
1753	4
1754	3
1755	2
1756	3
1757	1
1758	7
1759	3
1760	2
1761	5
1762	3
1763	5
1764	2
1765	3
1766	2
1767	1
1768	2
1769	1
1770	4
1771	3
1772	6
1773	2
1774	6
1775	5
1776	4
1777	6
1778	6
1779	5
1780	2
1781	2
1782	5
1783	4
1784	6
1785	3
1787	2
1788	5
1789	6
1790	4
1791	4
1792	7
1793	4
1794	1
1795	3
1796	4
1798	7
1799	4
1800	3
1801	2
1802	3
1803	8
1804	2
1805	2
1806	4
1807	2
1808	2
1809	2
1810	6
1811	3
1813	3
1814	4
1815	3
1816	3
1817	3
1818	6
1819	1
1820	3
1821	3
1822	1
1823	3
1824	2
1825	7
1826	1
1827	3
1828	2
1829	3
1830	3
1831	3
1832	4
1833	3
1834	4
1835	5
1836	3
1837	4
1838	6
1839	3
1840	3
1841	4
1842	1
1843	6
1844	3
1845	5
1846	2
1847	2
1848	3
1849	4
1850	6
1851	3
1852	4
1853	4
1854	2
1855	4
1856	2
1857	3
1859	4
1860	2
1861	2
1862	3
1863	3
1864	2
1865	6
1868	2
1869	5
1870	5
1871	3
1872	3
1873	3
1874	5
1875	3
1876	5
1877	5
1878	3
1879	1
1880	1
1881	1
1882	5
1883	4
1884	8
1885	4
1886	2
1887	6
1888	6
1889	1
1890	2
1891	3
1892	2
1893	5
1894	6
1895	8
1896	4
1897	4
1898	4
1899	4
1900	4
1901	5
1902	5
1903	2
1904	3
1905	2
1906	3
1907	2
1908	3
1909	2
1910	5
1911	5
1912	2
1913	3
1914	3
1915	3
1916	1
1917	4
1918	3
1919	1
1920	1
1921	2
1923	2
1924	3
1925	4
1926	3
1927	4
1928	2
1930	6
1931	2
1932	4
1933	4
1934	1
1935	5
1937	2
1938	3
1939	2
1940	4
1941	1
1942	3
1943	1
1944	2
1945	3
1946	5
1947	5
1948	4
1949	2
1950	2
1951	2
1952	1
1953	3
1954	2
1955	3
1956	4
1957	1
1958	2
1959	1
1960	2
1961	5
1962	5
1963	7
1964	1
1965	1
1966	2
1967	2
1968	3
1969	3
1970	8
1971	4
1972	1
1973	1
1974	1
1975	4
1976	4
1977	3
1978	2
1979	3
1980	1
1981	5
1982	4
1983	2
1984	5
1985	2
1986	4
1987	3
1988	4
1989	3
1990	3
1991	4
1992	4
1993	3
1994	2
1996	3
1997	4
1998	3
1999	1
2000	4
2001	2
2002	4
2003	4
2004	4
2005	2
2006	2
2007	4
2008	2
2009	3
2010	3
2011	2
2012	3
2014	1
2015	4
2016	3
2017	4
2018	3
2019	2
2020	4
2021	1
2022	4
2023	3
2024	1
2025	2
2026	2
2027	7
2028	1
2029	3
2030	4
2031	1
2032	1
2033	3
2034	2
2035	1
2036	1
2037	3
2038	5
2039	4
2040	5
2041	1
2042	1
2043	1
2044	1
2045	2
2046	3
2047	4
2048	2
2050	2
2051	4
2052	6
2053	3
2054	3
2055	1
2056	6
2057	1
2058	3
2060	1
2061	2
2062	2
2063	3
2064	4
2065	4
2066	1
2068	2
2069	2
2070	3
2071	6
2073	3
2074	5
2075	4
2076	2
2077	3
2078	7
2079	3
2080	2
2081	2
2082	1
2083	3
2084	2
2085	5
2086	2
2087	1
2088	2
2089	2
2091	1
2092	3
2093	1
2094	1
2095	1
2096	1
2097	2
2098	1
2099	2
2100	3
2101	4
2102	4
2103	2
2104	3
2105	3
2106	1
2107	3
2108	6
2109	3
2110	5
2111	5
2112	1
2113	2
2114	5
2115	3
2116	1
2117	2
2118	3
2119	5
2120	4
2121	1
2122	2
2123	2
2124	2
2125	2
2126	3
2127	1
2128	1
2130	1
2131	2
2132	3
2133	3
2134	5
2135	2
2136	1
2137	3
2138	4
2139	5
2140	2
2142	4
2143	3
2144	2
2145	1
2146	7
2147	1
2148	1
2149	2
2150	3
2151	2
2152	2
2154	2
2156	3
2157	5
2158	2
2159	3
2160	2
2161	2
2163	1
2164	2
2165	4
2166	2
2167	5
2169	4
2170	3
2171	1
2172	3
2174	3
2175	4
2176	1
2177	5
2179	2
2180	2
2181	1
2182	3
2183	2
2184	2
2185	2
2186	2
2187	4
2188	4
2189	6
2191	3
2192	4
2193	4
2194	2
2195	2
2196	4
2197	5
2198	3
2199	4
2201	3
2202	1
2203	3
2204	3
2205	2
2206	3
2207	5
2209	4
2210	3
2211	5
2212	4
2213	7
2214	2
2215	2
2216	3
2217	3
2219	4
2220	3
2221	2
2223	1
2224	2
2225	4
2226	1
2227	5
2228	1
2229	3
2230	1
2232	1
2233	4
2234	2
2236	1
2237	2
2238	5
2239	3
2240	2
2241	3
2242	2
2243	3
2244	2
2245	3
2246	2
2247	3
2248	3
2249	3
2250	4
2251	4
2252	4
2253	4
2254	1
2255	2
2256	1
2257	3
2258	7
2259	6
2260	2
2261	2
2262	4
2263	2
2264	2
2265	4
2266	2
2267	1
2268	2
2269	3
2270	4
2271	2
2272	2
2273	1
2274	1
2275	3
2276	1
2277	3
2278	3
2279	1
2281	2
2282	2
2283	1
2284	1
2285	2
2286	3
2287	1
2288	2
2289	1
2290	2
2291	1
2292	3
2293	3
2294	1
2295	4
2296	3
2297	1
2298	2
2299	3
2300	3
2301	2
2303	3
2305	3
2306	2
2307	2
2308	3
2310	2
2311	2
2312	5
2313	1
2314	3
2315	4
2316	4
2317	4
2319	1
2320	6
2321	1
2322	2
2323	1
2324	2
2326	4
2327	4
2328	4
2329	1
2330	2
2331	1
2332	2
2333	2
2334	2
2335	2
2336	1
2337	1
2338	3
2340	3
2341	5
2342	2
2343	1
2344	3
2345	2
2346	1
2347	4
2348	3
2349	1
2350	1
2351	2
2353	1
2354	2
2355	2
2356	1
2357	1
2358	2
2359	2
2360	1
2361	1
2363	4
2364	2
2365	3
2366	1
2367	5
2368	1
2369	1
2370	3
2371	1
2373	1
2374	1
2375	2
2376	2
2378	2
2379	4
2380	1
2381	3
2382	1
2384	6
2385	2
2386	3
2387	1
2388	3
2389	3
2390	2
2391	1
2392	1
2394	2
2395	3
2396	1
2397	5
2398	3
2399	1
2400	1
2401	3
2403	3
2404	2
2406	1
2407	2
2408	1
2409	2
2410	2
2411	6
2412	3
2413	1
2416	3
2417	1
2418	1
2420	4
2421	1
2422	1
2424	1
2425	1
2426	1
2427	2
2428	3
2429	3
2430	3
2432	3
2433	2
2434	1
2435	1
2436	2
2438	1
2439	2
2440	2
2441	2
2442	2
2444	2
2445	2
2446	1
2448	2
2449	2
2451	2
2453	2
2454	5
2457	4
2459	1
2460	1
2461	2
2462	1
2463	4
2465	1
2471	1
2472	2
2474	2
2475	3
2476	3
2477	2
2478	1
2479	2
2480	2
2481	2
2482	1
2483	1
2484	5
2486	2
2487	2
2488	1
2489	1
2490	1
2491	2
2494	2
2495	2
2496	2
2497	2
2498	2
2499	1
2502	1
2503	2
2504	1
2505	1
2506	2
2507	4
2508	3
2509	2
2511	1
2512	2
2513	3
2514	3
2515	6
2516	1
2517	2
2518	1
2519	5
2520	3
2522	3
2524	3
2525	3
2526	2
2527	3
2528	4
2529	1
2530	1
2531	2
2532	2
2533	5
2534	4
2535	3
2536	1
2537	2
2538	2
2539	1
2540	2
2541	2
2542	2
2543	2
2544	3
2545	1
2546	2
2547	3
2548	3
2549	3
2550	3
2551	4
2552	2
2553	2
2555	4
2556	2
2557	2
2558	1
2559	3
2560	4
2561	1
2562	1
2563	3
2564	4
2565	2
2566	2
2567	4
2570	3
2571	1
2572	1
2573	4
2574	2
2575	1
2576	3
2577	3
2578	5
2582	1
2583	2
2584	1
2586	1
2587	3
2588	1
2589	2
2591	2
2592	2
2593	3
2595	1
2596	2
2597	3
2599	2
2600	2
2601	1
2602	2
2603	1
2604	1
2607	2
2610	2
2611	3
2612	3
2613	1
2614	1
2615	4
2616	3
2617	2
2618	4
2619	4
2620	3
2621	3
2622	2
2623	1
2624	2
2625	3
2627	1
2629	1
2630	1
2631	2
2633	1
2634	1
2635	1
2636	2
2637	1
2638	2
2639	2
2641	2
2642	2
2644	1
2645	1
2646	1
2647	6
2648	1
2649	2
2650	5
2651	1
2652	5
2653	3
2654	2
2655	1
2656	2
2657	1
2658	2
2659	2
2660	1
2661	2
2662	2
2664	1
2665	2
2666	5
2668	1
2669	1
2672	1
2673	3
2675	1
2676	2
2677	3
2678	2
2679	4
2680	1
2681	3
2684	1
2685	1
2687	1
2688	1
2690	1
2691	1
2692	2
2693	2
2694	2
2695	1
2696	1
2697	2
2698	1
2699	3
2700	1
2702	2
2704	4
2705	1
2706	2
2707	3
2709	1
2710	2
2712	2
2713	3
2714	2
2715	1
2716	1
2717	2
2718	2
2719	1
2720	2
2724	2
2725	3
2726	1
2727	1
2728	2
2729	2
2730	1
2731	3
2732	2
2733	2
2734	1
2735	1
2736	1
2737	1
2738	1
2739	3
2740	1
2741	4
2743	1
2744	2
2746	1
2747	2
2748	2
2752	2
2753	5
2754	1
2755	4
2756	2
2757	2
2759	2
2760	2
2761	1
2762	3
2763	3
2765	2
2766	4
2767	2
2768	5
2769	3
2770	4
2771	1
2772	2
2773	1
2774	3
2775	1
2776	1
2778	2
2780	4
2782	1
2783	1
2784	3
2785	1
2786	1
2788	1
2789	3
2790	3
2791	1
2792	3
2793	1
2795	2
2796	2
2797	2
2798	2
2799	2
2800	3
2801	3
2802	3
2803	1
2804	1
2805	3
2806	2
2807	4
2808	1
2809	3
2811	1
2812	3
2813	1
2816	4
2818	1
2819	1
2820	3
2823	1
2826	1
2827	1
2828	2
2829	3
2831	2
2832	2
2834	1
2835	1
2836	1
2839	3
2841	1
2842	3
2843	1
2844	2
2845	1
2847	2
2848	1
2850	1
2852	1
2853	2
2854	4
2856	2
2859	1
2861	1
2862	3
2863	3
2865	2
2866	1
2867	1
2868	1
2869	2
2871	1
2872	1
2873	1
2874	1
2875	1
2876	2
2877	2
2879	1
2880	2
2881	1
2882	1
2886	1
2887	2
2888	5
2889	2
2890	3
2891	2
2893	1
2894	4
2896	1
2898	3
2900	1
2901	1
2902	3
2903	6
2905	1
2906	1
2908	1
2910	3
2914	2
2915	2
2917	1
2918	3
2919	1
2920	1
2921	2
2923	1
2924	2
2925	3
2926	2
2928	1
2931	3
2932	1
2933	1
2934	1
2935	2
2937	1
2938	1
2939	2
2941	1
2944	1
2947	3
2948	1
2949	4
2950	2
2951	2
2953	2
2955	2
2957	1
2958	1
2959	2
2960	2
2961	1
2962	1
2963	2
2964	1
2965	3
2966	1
2967	3
2968	4
2969	1
2970	1
2971	2
2973	2
2974	1
2975	2
2976	1
2977	1
2979	4
2981	1
2982	2
2983	1
2984	1
2985	1
2987	1
2988	1
2989	1
2990	1
2991	1
2994	3
2996	3
2999	3
3000	4
3001	1
3003	1
3004	1
3006	1
3007	4
3008	1
3009	1
3010	1
3011	2
3012	1
3013	1
3014	1
3016	1
3019	1
3020	2
3022	4
3024	1
3027	1
3030	2
3032	2
3033	1
3034	2
3035	2
3036	1
3038	2
3040	1
3041	2
3045	1
3046	1
3048	2
3049	2
3050	2
3052	2
3053	1
3054	1
3055	2
3059	1
3060	1
3065	1
3067	1
3069	1
3070	2
3071	2
3072	2
3073	2
3075	1
3077	1
3078	2
3081	1
3082	3
3083	1
3084	1
3085	1
3088	2
3089	3
3090	3
3091	2
3092	1
3093	2
3094	1
3095	1
3098	2
3099	2
3101	2
3102	1
3104	1
3105	1
3106	2
3107	1
3108	3
3113	3
3114	1
3116	1
3117	2
3118	2
3120	1
3121	4
3122	2
3123	2
3124	2
3125	3
3127	2
3128	1
3129	1
3130	2
3132	2
3133	2
3134	2
3135	1
3136	2
3138	1
3139	1
3140	1
3141	1
3143	1
3144	5
3145	3
3146	1
3149	1
3151	2
3153	1
3155	1
3158	1
3160	2
3161	1
3163	2
3165	3
3166	5
3169	2
3170	2
3173	2
3175	1
3176	1
3178	1
3180	1
3181	1
3184	3
3185	3
3186	1
3187	2
3188	3
3189	4
3191	1
3192	1
3193	1
3194	1
3196	3
3197	5
3199	3
3201	1
3204	1
3206	3
3207	1
3208	1
3209	2
3210	1
3211	2
3213	1
3214	2
3215	1
3216	2
3217	1
3219	1
3220	2
3221	3
3223	1
3226	3
3227	4
3228	3
3229	3
3230	4
3233	1
3234	1
3238	1
3239	1
3240	1
3242	2
3243	1
3244	2
3245	2
3246	1
3247	1
3248	2
3250	2
3252	2
3254	1
3255	2
3257	1
3258	3
3259	1
3260	3
3262	2
3263	1
3265	2
3266	2
3267	1
3268	1
3269	1
3270	2
3272	1
3273	1
3275	1
3276	2
3277	1
3279	5
3280	2
3282	1
3283	1
3284	1
3285	2
3287	1
3288	3
3289	1
3290	2
3291	2
3292	1
3296	2
3297	1
3301	2
3302	1
3303	1
3304	3
3305	1
3306	3
3307	1
3309	1
3313	2
3314	1
3315	1
3316	1
3319	2
3323	2
3324	1
3325	1
3327	1
3330	1
3331	2
3332	3
3333	2
3337	1
3338	1
3341	2
3345	2
3346	1
3348	2
3349	1
3352	1
3354	2
3355	1
3356	1
3358	2
3359	1
3360	2
3362	2
3364	1
3365	2
3369	1
3370	2
3371	1
3372	2
3373	1
3374	1
3375	1
3376	1
3377	1
3379	1
3380	1
3382	1
3384	2
3386	1
3387	1
3389	1
3391	2
3392	2
3393	4
3394	1
3399	2
3402	5
3405	1
3406	3
3407	2
3410	3
3411	1
3412	2
3413	1
3415	1
3417	2
3418	2
3420	2
3421	1
3422	1
3425	4
3426	1
3427	1
3429	2
3430	2
3434	1
3435	2
3436	1
3437	1
3438	1
3439	5
3440	1
3441	1
3444	1
3446	2
3447	3
3449	2
3450	1
3451	2
3453	1
3455	2
3457	1
3461	1
3466	2
3467	2
3469	1
3470	1
3473	2
3475	1
3477	2
3479	2
3481	1
3483	1
3485	1
3487	3
3493	3
3494	1
3496	1
3499	1
3501	2
3503	1
3506	1
3507	2
3509	1
3512	1
3514	2
3515	1
3516	1
3518	3
3519	1
3522	1
3523	2
3524	1
3527	1
3528	2
3529	2
3532	1
3534	1
3535	2
3539	1
3542	1
3543	2
3547	2
3551	1
3552	2
3553	2
3555	1
3556	1
3557	4
3559	1
3560	1
3562	2
3563	1
3564	1
3566	2
3568	1
3570	1
3571	3
3572	1
3575	1
3577	1
3578	1
3579	1
3580	3
3582	1
3583	2
3584	1
3585	1
3586	1
3589	3
3590	2
3591	2
3593	2
3594	1
3597	1
3600	1
3602	2
3607	1
3609	1
3610	3
3612	3
3613	2
3615	1
3616	1
3617	1
3618	1
3619	1
3621	1
3622	2
3623	2
3625	1
3626	2
3627	2
3628	2
3632	1
3639	1
3640	3
3641	1
3642	1
3643	1
3644	2
3646	1
3647	1
3648	1
3649	1
3651	1
3654	1
3655	2
3657	1
3659	2
3660	1
3663	2
3664	1
3665	2
3667	3
3669	1
3670	1
3676	1
3677	1
3678	1
3681	3
3682	3
3683	1
3684	1
3685	1
3686	5
3689	1
3690	1
3692	1
3693	1
3695	3
3696	1
3697	2
3699	1
3701	1
3702	1
3705	1
3706	6
3708	3
3709	1
3710	2
3711	1
3716	2
3719	1
3721	2
3723	1
3725	1
3726	1
3729	1
3730	1
3731	1
3732	1
3734	1
3735	2
3736	1
3737	2
3738	1
3740	1
3741	1
3742	1
3743	1
3745	1
3746	1
3747	3
3748	1
3752	1
3755	1
3756	2
3757	1
3758	1
3759	1
3763	1
3764	1
3765	1
3769	2
3770	1
3772	1
3775	2
3781	2
3782	1
3783	2
3788	2
3789	1
3790	2
3791	2
3792	1
3793	4
3795	1
3798	2
3804	1
3805	3
3806	2
3807	1
3812	1
3813	2
3815	2
3816	2
3819	1
3822	1
3823	1
3825	1
3827	2
3829	1
3830	1
3832	2
3834	1
3836	1
3837	1
3838	1
3842	1
3843	2
3844	4
3846	1
3847	1
3853	1
3855	1
3857	1
3859	1
3862	2
3863	2
3864	1
3865	1
3866	1
3867	1
3871	1
3873	1
3876	2
3878	2
3880	1
3881	2
3882	1
3883	1
3884	1
3886	2
3889	1
3890	2
3891	1
3892	1
3893	1
3896	2
3897	2
3898	1
3900	1
3901	1
3907	1
3908	2
3910	1
3911	1
3912	2
3913	1
3917	1
3918	1
3924	1
3925	1
3926	2
3927	1
3929	1
3930	1
3933	1
3935	1
3936	1
3937	1
3940	2
3941	1
3942	1
3943	3
3944	1
3945	1
3946	2
3948	2
3949	2
3950	1
3954	1
3956	2
3957	1
3958	1
3962	1
3963	1
3966	1
3967	1
3968	1
3970	1
3971	1
3973	1
3975	1
3977	1
3978	1
3980	1
3983	1
3986	1
3989	1
3993	1
3994	2
3995	1
3996	1
3998	1
4000	2
4001	2
4002	1
4003	1
4005	2
4009	1
4010	1
4011	2
4012	1
4013	1
4018	1
4019	4
4020	1
4021	1
4023	2
4026	1
4027	1
4029	2
4030	2
4032	1
4033	1
4038	1
4039	3
4040	3
4042	1
4044	1
4045	1
4046	1
4047	3
4048	1
4049	1
4053	1
4056	1
4057	2
4059	1
4062	1
4063	1
4064	1
4068	1
4070	1
4071	2
4076	1
4078	1
4079	1
4080	2
4081	3
4082	1
4086	1
4088	1
4091	1
4093	1
4094	3
4100	1
4102	1
4105	1
4106	3
4109	1
4110	1
4111	1
4117	3
4119	1
4120	2
4121	1
4122	2
4123	2
4124	2
4125	1
4127	2
4129	2
4130	3
4131	1
4132	1
4133	1
4134	1
4135	2
4137	1
4139	1
4140	1
4142	1
4143	1
4145	1
4146	2
4149	1
4150	3
4151	1
4153	3
4154	1
4155	1
4157	1
4159	3
4162	1
4163	1
4166	2
4167	1
4168	1
4172	2
4174	1
4176	1
4178	2
4179	1
4182	1
4183	1
4188	1
4189	2
4190	2
4191	1
4197	1
4200	4
4209	2
4212	1
4213	1
4214	2
4215	1
4216	1
4217	1
4218	1
4219	1
4221	1
4222	1
4223	1
4227	1
4230	2
4231	1
4232	1
4233	1
4234	1
4235	1
4237	2
4239	2
4240	1
4241	1
4242	1
4243	1
4244	2
4246	1
4248	1
4250	1
4255	1
4257	1
4258	1
4262	1
4263	1
4264	1
4268	1
4277	1
4280	1
4283	1
4285	1
4292	1
4296	2
4298	1
4299	1
4301	1
4302	1
4306	1
4309	1
4310	2
4312	1
4315	2
4316	1
4319	1
4320	1
4321	1
4323	2
4324	1
4325	1
4329	1
4331	1
4332	1
4335	2
4336	3
4338	1
4339	3
4340	1
4341	1
4342	2
4344	2
4345	2
4346	1
4347	1
4348	1
4352	2
4354	2
4355	2
4359	1
4360	2
4361	1
4367	1
4369	2
4370	1
4371	1
4373	1
4374	2
4378	1
4379	1
4380	1
4383	1
4385	2
4387	3
4390	1
4395	2
4398	2
4399	2
4406	1
4407	1
4408	1
4411	1
4420	1
4421	1
4423	2
4426	1
4427	1
4430	1
4431	2
4432	1
4433	3
4437	2
4440	1
4442	1
4443	1
4444	1
4448	1
4451	3
4454	1
4455	1
4456	1
4460	1
4464	1
4467	1
4471	1
4476	2
4477	1
4478	1
4480	1
4481	1
4483	1
4485	2
4488	1
4489	1
4490	1
4493	1
4497	1
4498	1
4503	3
4504	1
4506	1
4507	2
4508	1
4511	1
4512	2
4514	1
4516	3
4517	1
4520	1
4522	1
4523	1
4529	1
4532	1
4533	1
4534	1
4535	1
4538	2
4540	2
4541	1
4543	1
4544	1
4545	1
4548	1
4551	1
4552	1
4553	1
4554	1
4555	2
4556	1
4557	1
4558	1
4565	1
4567	2
4568	1
4570	1
4571	1
4572	1
4573	1
4574	1
4578	1
4580	1
4581	1
4582	1
4583	2
4591	1
4594	1
4595	1
4596	1
4598	1
4600	1
4601	1
4612	2
4613	1
4615	1
4618	1
4620	1
4621	1
4622	1
4625	1
4629	1
4630	1
4633	2
4635	1
4637	1
4638	1
4639	1
4641	1
4644	1
4647	2
4648	1
4649	2
4650	1
4654	1
4662	2
4664	1
4668	2
4674	1
4676	2
4677	1
4680	1
4681	1
4682	1
4691	1
4693	1
4694	1
4697	1
4700	1
4701	3
4702	1
4704	1
4707	1
4710	1
4711	1
4713	1
4717	2
4719	2
4720	1
4725	1
4726	1
4729	1
4733	1
4735	1
4736	1
4738	1
4740	2
4745	1
4749	1
4750	1
4753	1
4754	1
4755	2
4758	1
4762	2
4763	1
4766	1
4767	2
4769	1
4770	1
4771	1
4774	1
4775	1
4777	2
4783	1
4784	1
4786	2
4787	1
4794	1
4798	1
4800	1
4802	2
4804	1
4806	1
4808	1
4809	1
4810	1
4814	2
4816	1
4825	1
4829	3
4832	1
4838	1
4842	1
4846	2
4847	1
4857	1
4858	2
4859	1
4860	1
4865	1
4866	2
4867	1
4868	1
4872	2
4877	1
4878	1
4879	1
4881	1
4884	1
4885	1
4886	1
4887	1
4905	2
4906	1
4907	1
4910	1
4914	1
4916	1
4918	1
4922	1
4923	1
4926	1
4928	2
4933	1
4934	2
4938	1
4939	2
4940	1
4941	1
4943	1
4944	1
4945	1
4946	2
4947	1
4954	1
4956	1
4958	1
4959	1
4961	2
4963	1
4965	1
4971	1
4975	1
4978	1
4984	1
4986	2
4987	2
4988	2
4990	1
4992	1
4995	1
4998	1
5005	2
5007	1
5011	2
5012	1
5019	1
5021	1
5025	1
5026	1
5031	1
5032	1
5034	2
5035	1
5037	1
5038	2
5041	2
5046	1
5050	1
5052	1
5054	1
5055	1
5056	2
5060	2
5061	1
5062	1
5065	1
5066	1
5075	1
5077	1
5078	2
5079	1
5081	1
5083	1
5088	1
5094	1
5095	1
5100	1
5101	2
5102	2
5105	1
5117	1
5121	1
5125	2
5129	1
5130	3
5132	2
5135	1
5143	1
5144	1
5145	2
5148	1
5151	1
5152	1
5155	1
5157	1
5164	1
5166	1
5168	1
5170	1
5173	1
5174	1
5176	1
5183	2
5184	1
5189	1
5192	1
5196	1
5197	1
5200	1
5202	1
5204	1
5210	1
5218	1
5220	1
5224	1
5225	2
5226	1
5228	1
5229	2
5231	1
5235	1
5241	1
5247	1
5249	1
5257	1
5260	1
5262	1
5263	1
5266	1
5267	1
5270	1
5272	1
5277	1
5279	1
5284	2
5287	1
5291	1
5293	1
5294	1
5298	3
5299	3
5310	1
5311	1
5313	1
5314	1
5316	1
5317	1
5323	1
5325	2
5326	1
5327	1
5332	1
5333	1
5335	2
5336	1
5341	1
5344	1
5345	1
5351	1
5356	2
5357	1
5358	1
5360	1
5361	1
5367	1
5372	1
5374	1
5375	1
5383	2
5386	1
5391	2
5392	1
5393	1
5396	1
5403	1
5408	1
5412	2
5413	1
5415	1
5416	1
5419	1
5421	1
5422	3
5426	1
5429	1
5436	3
5439	1
5441	1
5449	1
5450	1
5462	1
5464	2
5471	1
5475	1
5481	1
5482	1
5484	1
5485	2
5502	1
5504	1
5512	1
5523	1
5525	1
5536	1
5537	1
5543	2
5544	1
5549	1
5552	2
5559	2
5564	1
5567	1
5568	1
5577	2
5580	1
5587	1
5588	1
5597	1
5602	1
5603	1
5607	1
5615	1
5620	1
5624	3
5630	2
5631	1
5632	1
5636	1
5637	1
5640	1
5641	1
5642	1
5655	1
5658	2
5671	2
5675	1
5686	2
5696	1
5702	1
5703	1
5709	1
5710	1
5712	1
5718	1
5720	1
5721	1
5726	2
5727	1
5728	2
5731	1
5732	1
5739	1
5748	1
5751	1
5752	1
5762	1
5764	1
5779	1
5786	1
5791	1
5794	1
5795	1
5797	1
5798	1
5803	2
5806	1
5809	1
5814	1
5816	1
5818	1
5820	1
5825	1
5830	1
5833	1
5841	1
5842	1
5845	1
5851	1
5856	1
5857	1
5862	1
5863	1
5876	2
5878	1
5879	1
5881	1
5889	1
5897	1
5901	1
5911	1
5917	1
5921	2
5940	1
5941	1
5942	1
5949	1
5950	1
5952	1
5953	1
5956	1
5961	1
5969	1
5970	1
5974	1
5975	1
5982	3
5983	1
5985	1
5989	1
5994	1
5996	1
5997	1
5999	1
6003	1
6012	1
6018	1
6022	3
6026	1
6027	1
6034	1
6037	1
6044	1
6048	1
6052	1
6055	1
6063	1
6069	1
6070	1
6071	1
6074	1
6079	1
6084	1
6113	3
6115	1
6116	2
6120	1
6129	1
6130	2
6133	1
6135	1
6138	1
6139	1
6150	2
6152	1
6155	1
6158	1
6161	2
6164	1
6165	1
6170	1
6171	1
6176	1
6179	1
6184	1
6187	1
6195	1
6197	2
6199	1
6200	1
6204	1
6205	1
6208	1
6211	1
6212	1
6213	1
6216	1
6221	1
6222	1
6225	1
6233	1
6246	1
6251	1
6260	1
6263	1
6265	1
6268	1
6269	2
6274	1
6277	1
6281	1
6286	1
6290	1
6295	1
6303	1
6307	2
6308	1
6309	1
6317	1
6324	1
6326	2
6332	2
6337	2
6347	1
6349	1
6354	1
6355	1
6357	1
6358	1
6360	1
6369	1
6370	1
6389	2
6396	1
6398	1
6399	1
6401	1
6404	1
6415	1
6416	2
6418	1
6428	1
6431	1
6436	1
6437	1
6439	1
6444	1
6447	2
6452	1
6454	1
6457	1
6459	1
6462	1
6469	1
6475	1
6489	1
6499	1
6502	1
6509	1
6510	1
6520	2
6522	2
6526	2
6538	1
6542	1
6543	1
6545	1
6550	1
6552	1
6553	1
6557	1
6565	1
6566	1
6567	1
6569	1
6573	2
6576	1
6583	1
6589	1
6595	1
6597	1
6598	1
6605	1
6606	2
6609	1
6619	1
6620	1
6624	1
6625	1
6629	1
6634	1
6637	1
6638	1
6639	2
6642	1
6645	1
6647	1
6649	2
6657	1
6665	1
6666	1
6669	1
6672	1
6686	3
6693	1
6701	1
6711	1
6719	1
6721	1
6726	1
6733	1
6734	1
6735	1
6742	1
6743	1
6754	1
6755	1
6759	3
6765	2
6767	1
6773	1
6777	1
6783	1
6786	1
6792	1
6799	1
6804	1
6805	1
6807	1
6813	1
6816	1
6817	1
6820	2
6824	1
6828	1
6830	1
6839	1
6842	1
6843	1
6846	1
6850	1
6851	1
6858	1
6865	1
6866	1
6881	1
6888	1
6890	1
6894	2
6902	1
6903	1
6905	1
6910	1
6911	1
6917	1
6922	1
6929	1
6930	1
6933	1
6948	1
6952	1
6956	1
6959	1
6960	1
6961	1
6964	2
6969	1
6975	1
6982	1
6984	2
6987	1
6993	1
6994	1
6995	1
6996	1
6997	1
7003	1
7010	1
7014	1
7021	1
7023	1
7030	1
7039	1
7044	1
7045	1
7058	1
7069	1
7070	1
7076	2
7077	1
7088	3
7089	1
7098	1
7099	1
7108	1
7112	1
7114	1
7117	1
7142	1
7144	1
7145	1
7146	2
7148	1
7149	1
7154	1
7155	1
7158	1
7165	1
7166	1
7168	1
7174	1
7182	1
7186	1
7190	1
7205	1
7206	2
7207	1
7209	1
7219	1
7223	2
7225	1
7236	1
7237	1
7242	1
7248	2
7249	1
7251	1
7252	1
7255	1
7271	2
7272	1
7274	1
7280	1
7292	1
7295	2
7300	2
7301	1
7303	1
7314	1
7315	1
7324	1
7332	1
7333	1
7337	1
7341	2
7343	1
7347	1
7349	1
7351	1
7355	1
7361	3
7367	1
7368	1
7370	1
7372	1
7374	1
7375	1
7378	1
7380	1
7385	1
7409	2
7421	1
7422	1
7424	1
7425	1
7426	1
7430	1
7431	1
7445	1
7453	1
7455	1
7457	1
7463	1
7480	1
7489	2
7491	1
7500	1
7501	1
7502	1
7507	1
7508	1
7511	1
7516	1
7518	1
7526	1
7528	1
7530	1
7541	2
7550	1
7565	1
7566	1
7572	1
7580	1
7584	1
7589	1
7591	1
7611	1
7615	1
7617	1
7620	1
7621	1
7627	1
7636	1
7637	1
7657	2
7658	1
7661	1
7663	1
7667	1
7668	1
7675	1
7680	1
7682	1
7683	1
7689	1
7692	2
7693	1
7697	1
7702	1
7708	1
7709	1
7711	1
7715	1
7716	1
7725	1
7736	2
7740	1
7741	1
7747	1
7749	2
7752	1
7755	1
7758	3
7764	1
7766	1
7767	1
7772	1
7777	1
7779	2
7782	1
7785	1
7795	1
7798	1
7805	1
7831	1
7836	1
7839	1
7842	1
7846	2
7857	1
7868	2
7878	1
7881	1
7883	1
7890	1
7897	1
7904	1
7906	1
7912	2
7922	1
7931	1
7934	1
7940	1
7962	1
7964	1
7966	1
7967	1
7970	1
7979	1
7982	1
7984	1
7988	1
7996	1
8001	1
8012	1
8021	1
8026	1
8033	1
8039	1
8048	1
8064	1
8092	1
8101	1
8125	1
8133	1
8151	1
8156	1
8160	1
8168	1
8170	1
8181	1
8187	1
8195	1
8208	1
8229	1
8234	1
8235	1
8257	1
8259	2
8268	2
8276	1
8284	1
8287	2
8292	1
8302	1
8303	1
8305	2
8307	1
8327	1
8328	1
8334	1
8339	2
8341	1
8344	1
8353	1
8360	1
8362	1
8364	1
8369	1
8399	1
8409	1
8410	1
8415	1
8419	1
8446	1
8449	1
8477	1
8494	2
8499	1
8501	2
8509	1
8511	1
8513	1
8518	1
8532	1
8545	1
8551	1
8556	2
8563	1
8568	1
8580	1
8591	1
8598	1
8602	1
8606	1
8623	1
8625	1
8627	1
8631	1
8637	1
8647	1
8650	1
8653	1
8655	1
8656	1
8673	2
8682	1
8695	1
8703	1
8714	1
8721	1
8726	1
8733	1
8737	1
8742	1
8758	1
8759	1
8787	1
8795	1
8801	1
8804	1
8811	1
8816	1
8820	1
8827	1
8833	1
8872	1
8878	1
8879	1
8880	1
8884	1
8890	1
8902	1
8908	1
8914	1
8917	1
8936	1
8948	1
8959	1
8963	1
8967	1
8973	1
8978	1
9004	1
9014	1
9016	1
9020	1
9035	1
9046	1
9048	1
9054	1
9060	1
9074	1
9075	1
9078	1
9092	1
9105	1
9107	2
9111	1
9120	1
9127	1
9132	1
9133	1
9135	1
9137	1
9139	1
9151	1
9161	1
9168	1
9176	1
9187	1
9190	1
9203	1
9205	1
9206	2
9209	1
9216	1
9219	2
9221	1
9234	1
9245	1
9247	1
9258	1
9262	2
9292	1
9294	1
9307	1
9311	1
9313	1
9315	2
9318	1
9320	1
9327	1
9330	1
9343	1
9353	1
9367	1
9374	2
9381	1
9396	1
9397	1
9402	1
9407	1
9409	1
9424	1
9426	1
9439	1
9446	1
9461	1
9465	1
9475	1
9478	1
9495	1
9496	1
9499	1
9502	1
9505	1
9507	1
9522	1
9523	1
9529	1
9533	1
9535	1
9542	1
9544	1
9556	1
9569	1
9572	1
9577	1
9584	1
9586	1
9587	1
9592	1
9594	1
9607	1
9608	1
9613	1
9628	1
9629	1
9633	1
9635	1
9653	1
9660	1
9679	1
9684	1
9698	1
9699	1
9701	1
9708	1
9710	1
9719	1
9724	1
9735	1
9746	1
9761	1
9771	1
9774	1
9778	1
9781	1
9790	1
9791	1
9797	1
9802	1
9805	1
9826	1
9841	2
9845	1
9856	1
9857	1
9858	1
9866	1
9867	1
9868	1
9895	1
9916	1
9921	1
9926	1
9934	1
9938	1
9949	1
9956	1
9957	1
9975	1
9984	2
9988	1
9989	1
10001	1
10003	1
10011	1
10012	1
10024	1
10026	1
10038	1
10043	1
10062	1
10101	1
10103	1
10113	1
10115	1
10122	1
10124	1
10130	1
10162	1
10164	1
10168	1
10177	1
10184	1
10185	1
10199	1
10209	1
10216	1
10224	1
10241	1
10245	1
10258	1
10262	2
10276	1
10291	1
10320	1
10321	1
10337	1
10339	1
10353	1
10364	1
10376	1
10387	1
10398	1
10402	1
10403	1
10406	1
10414	1
10418	1
10437	1
10445	1
10450	1
10461	1
10468	1
10480	2
10484	1
10498	1
10503	1
10510	1
10515	1
10522	1
10528	1
10531	2
10534	1
10544	1
10547	1
10562	1
10569	1
10585	1
10592	2
10602	1
10608	1
10622	1
10626	1
10653	1
10669	1
10673	1
10674	1
10677	1
10687	1
10692	1
10697	1
10706	1
10707	1
10724	1
10729	1
10738	1
10742	2
10756	1
10759	1
10765	1
10766	1
10769	1
10778	1
10783	1
10795	2
10799	1
10801	2
10837	1
10839	2
10849	1
10851	1
10904	1
10913	1
10918	1
10936	1
10957	1
10958	1
10968	1
10975	1
10985	1
10989	1
11004	3
11014	1
11028	1
11029	1
11033	1
11037	1
11044	1
11087	1
11110	1
11112	1
11115	1
11132	1
11133	1
11142	1
11168	1
11177	1
11181	1
11184	1
11193	1
11206	1
11210	1
11230	1
11244	1
11265	1
11313	1
11352	1
11367	1
11398	1
11418	1
11429	1
11446	1
11452	1
11465	1
11466	2
11486	1
11513	1
11520	1
11537	1
11547	1
11553	1
11560	1
11568	1
11577	1
11604	1
11616	1
11624	1
11646	1
11698	1
11704	1
11712	1
11719	1
11725	1
11727	1
11753	1
11755	1
11768	1
11774	1
11795	1
11796	1
11829	1
11835	1
11848	1
11854	1
11873	1
11877	1
11878	1
11889	1
11895	1
11902	1
11903	1
11906	1
11910	1
11919	1
11922	1
11923	1
11924	1
11935	1
11946	1
11966	2
11967	1
11972	1
11983	1
11992	1
12012	1
12022	1
12023	1
12034	1
12035	1
12036	1
12049	1
12052	1
12053	1
12057	1
12062	1
12070	1
12082	1
12083	1
12096	1
12097	1
12100	1
12111	1
12112	1
12115	1
12124	1
12131	1
12138	1
12149	1
12150	1
12151	1
12153	1
12154	1
12159	1
12163	1
12168	1
12172	1
12177	1
12186	1
12190	1
12209	1
12245	1
12246	1
12247	1
12248	1
12249	1
12267	1
12279	1
12299	1
12300	1
12302	1
12304	1
12315	1
12317	1
12328	1
12330	1
12342	1
12344	1
12360	1
12368	1
12389	1
12394	1
12405	1
12410	1
12417	1
12435	1
12446	2
12454	1
12466	1
12471	2
12480	1
12494	1
12502	1
12506	1
12507	1
12531	2
12541	1
12545	1
12554	1
12557	1
12564	1
12577	1
12588	1
12590	1
12598	1
12602	1
12605	1
12608	1
12613	1
12623	1
12629	1
12636	1
12644	1
12645	1
12662	1
12666	1
12676	1
12677	1
12687	1
12696	1
12703	1
12706	1
12722	1
12755	1
12763	1
12769	1
12787	1
12790	1
12797	1
12803	1
12838	1
12841	1
12859	1
12873	1
12889	1
12890	1
12897	1
12946	1
12964	1
12983	1
12988	1
13002	1
13003	1
13017	1
13023	1
13029	1
13040	1
13044	1
13061	1
13073	1
13092	1
13120	1
13154	1
13162	1
13168	1
13182	1
13207	1
13222	1
13227	1
13228	1
13230	1
13236	1
13251	1
13267	1
13282	1
13291	1
13294	1
13304	1
13318	1
13330	1
13339	1
13363	1
13385	1
13406	1
13410	1
13436	1
13474	1
13491	1
13547	1
13552	1
13568	1
13601	1
13624	1
13626	1
13630	1
13635	1
13638	1
13674	1
13713	1
13723	1
13733	1
13750	1
13764	1
13780	1
13781	1
13783	1
13787	1
13811	1
13849	1
13919	1
13920	1
13929	1
13984	1
14004	1
14065	1
14115	1
14125	1
14137	1
14139	1
14146	1
14151	1
14155	1
14169	1
14173	1
14180	1
14181	1
14204	1
14207	1
14268	1
14280	1
14282	1
14299	1
14310	1
14317	1
14319	1
14345	1
14361	1
14400	1
14401	1
14406	1
14459	1
14469	1
14481	1
14484	1
14492	1
14523	1
14532	1
14562	1
14572	1
14594	1
14597	1
14608	1
14617	1
14625	1
14649	1
14661	1
14689	1
14691	1
14719	1
14732	1
14758	1
14800	1
14823	1
14903	1
14904	1
14956	1
14958	1
14966	1
14975	1
15008	1
15014	1
15027	1
15066	1
15114	1
15124	1
15129	1
15130	1
15135	1
15139	1
15143	1
15173	1
15175	1
15176	1
15202	1
15214	1
15271	1
15287	1
15296	1
15306	1
15330	1
15339	1
15351	1
15374	1
15393	1
15408	1
15432	1
15439	1
15452	1
15481	1
15517	1
15519	1
15539	1
15543	1
15545	1
15554	1
15575	1
15630	1
15635	1
15640	1
15671	1
15704	1
15737	1
15767	1
15768	1
15816	1
15844	1
15848	1
15850	1
15860	1
15863	1
15864	1
15876	1
15909	1
15910	1
15935	1
15944	1
15977	1
15981	1
16001	1
16021	1
16029	2
16059	1
16084	1
16106	1
16114	1
16115	1
16141	1
16177	1
16215	1
16252	1
16292	1
16374	1
16421	1
16458	1
16463	1
16538	1
16597	1
16763	1
16764	1
16916	1
17007	1
17012	1
17094	1
17095	1
17180	1
17220	1
17242	1
17273	1
17279	1
17300	1
17366	1
17418	1
17451	1
17512	1
17561	1
17570	1
17667	1
17811	1
17978	1
17997	1
18103	1
18130	1
18251	1
18253	1
18268	1
18269	1
18333	1
18357	1
18396	1
18424	1
18429	1
18430	1
18440	1
18468	1
18514	1
18529	1
18623	1
18716	1
18717	1
18725	1
18742	1
18759	1
18762	1
18783	1
18791	1
18798	1
18828	1
18847	1
18892	1
18986	1
19021	1
19048	1
19091	1
19117	1
19141	1
19187	1
19193	1
19227	1
19229	1
19289	1
19316	1
19351	1
19461	1
19470	1
19507	1
19560	1
19870	1
19923	1
19964	1
19979	1
20030	1
20117	1
20154	1
20162	1
20183	1
20206	1
20209	1
20215	1
20229	1
20254	1
20325	1
20328	1
20336	1
20352	1
20368	1
20378	1
20425	1
20455	1
20493	1
20540	1
20554	1
20604	1
20607	1
20633	1
20649	1
20659	1
20689	1
20702	1
20721	1
20734	1
20794	1
20799	1
20809	2
20818	1
20864	1
20869	1
20887	1
20923	1
21004	1
21042	1
21122	1
21231	1
21322	1
21342	1
21343	1
21397	1
21425	1
21586	1
21591	1
21647	1
21765	1
21777	1
21833	1
21875	1
21887	1
21947	1
21952	1
21956	1
21970	1
22002	1
22005	1
22018	1
22019	1
22028	1
22046	1
22062	1
22092	1
22139	1
22182	2
22207	1
22235	1
22280	1
22286	1
22294	1
22301	1
22304	1
22311	1
22455	1
22466	1
22496	1
22498	1
22502	1
22509	1
22546	1
22600	1
22645	2
22656	1
22658	1
22686	1
22734	1
22766	1
22772	1
22803	1
22811	1
22812	1
22880	1
22923	1
22930	2
23102	1
23138	1
23179	1
23206	1
23210	1
23219	1
23347	1
23380	1
23407	1
23411	1
23578	1
23766	1
23898	1
24055	1
24103	1
24111	1
24275	1
24334	1
24382	1
24461	1
24473	1
24475	1
24520	1
24564	1
24567	1
24586	1
24591	1
24671	1
24675	1
24733	1
24739	1
24799	1
24806	1
24836	1
24906	1
24932	1
24966	1
24994	1
25059	1
25102	1
25127	1
25152	1
25162	1
25174	1
25181	1
25196	1
25213	1
25240	1
25253	1
25322	1
25401	1
25422	1
25662	1
25670	1
25677	1
25811	1
25826	1
25882	1
25887	1
26108	1
26155	1
26165	1
26174	1
26203	1
26216	1
26263	1
26276	2
26308	1
26372	1
26458	1
26775	1
26816	1
26943	1
26955	1
26985	1
27129	1
27131	1
27405	1
27503	1
27532	1
27540	1
27559	1
27630	1
27822	1
27868	1
28004	1
28027	1
28184	1
28230	1
28318	1
28327	1
28708	1
28725	1
28983	1
29010	1
29252	1
29260	1
29270	1
29425	1
29441	1
29521	1
29537	1
30191	1
30310	1
30478	1
30480	1
30486	1
30583	1
30603	1
30624	1
30988	1
31038	1
31079	1
31113	1
31124	1
31181	1
31249	1
31268	1
31328	1
31333	1
31379	1
31438	1
31690	1
31793	1
31844	1
32018	1
32107	1
32261	1
32309	1
32427	1
32530	1
32566	1
32582	1
32599	1
32615	1
32733	1
32811	1
32818	1
33124	1
33207	1
33234	1
33412	1
33468	1
33512	1
33768	1
33948	1
34426	1
34569	1
34782	1
35113	1
35116	1
35138	1
35159	1
35243	1
35245	1
35281	1
35349	1
35431	1
35462	1
35502	1
35510	1
35612	1
35646	1
35693	1
35749	1
35797	1
35994	1
36135	1
36289	1
36356	1
36483	1
36761	1
36871	1
36910	1
36926	1
36968	1
36984	1
37075	1
37110	1
37206	1
37236	1
37270	1
37314	1
37360	1
37479	1
37569	1
37750	1
38425	1
38436	1
38694	1
38770	1
38992	1
39210	1
39406	1
39573	1
39711	1
39725	1
39869	1
39995	1
40680	1
40779	1
42241	1
42749	1
43275	1
43318	1
43451	1
43700	1
44210	1
44412	1
45078	1
45143	1
45378	1
45488	1
45787	1
45820	1
46220	1
46507	1
46735	1
46780	1
47015	1
47264	1
47280	1
47324	1
47891	1
48420	1
48447	1
49537	1
49974	1
50072	1
50273	1
50576	1
51072	1
51443	1
51490	1
51886	1
51917	1
51987	1
52522	1
52850	1
52922	1
53148	1
53754	1
54044	1
54094	1
54749	1
56117	1
57299	1
57578	1
57615	1
57840	1
58016	1
58794	1
59495	1
59533	1
59733	1
60018	1
60087	1
60375	1
60637	1
61496	1
62616	1
62755	1
63840	1
64559	1
64976	1
65293	1
65375	1
65626	1
65747	1
67826	1
68196	1
69418	1
69748	1
69923	1
70261	1
70380	1
72058	1
72223	1
72346	1
72408	1
72831	1
74719	1
75221	1
75789	1
76922	1
80443	1
80522	1
80935	1
81465	1
83253	1
84997	1
86831	1
87471	1
87743	1
88666	1
89338	1
89385	1
92289	1
92616	1
93736	1
94039	1
95621	1
96321	1
97519	1
98906	1
100000	117
