#Depth	Count
1	3493125800
2	166744349
3	28160428
4	12846626
5	5398128
6	3075063
7	1822646
8	1188525
9	811884
10	585449
11	434744
12	338544
13	267808
14	214625
15	178267
16	146822
17	123981
18	104467
19	89746
20	77484
21	67646
22	59522
23	53447
24	47506
25	42409
26	38430
27	34711
28	31912
29	29527
30	27094
31	25193
32	23417
33	21812
34	20393
35	19122
36	17756
37	17072
38	15969
39	15178
40	14458
41	13609
42	12987
43	12120
44	11715
45	11165
46	10636
47	10249
48	9834
49	9230
50	8929
51	8512
52	8226
53	7881
54	7496
55	7064
56	6916
57	6551
58	6437
59	6308
60	5921
61	5649
62	5521
63	5102
64	5167
65	4997
66	4723
67	4614
68	4415
69	4244
70	4059
71	3999
72	3963
73	3625
74	3546
75	3358
76	3554
77	3264
78	3193
79	3215
80	3049
81	2920
82	2937
83	2887
84	2776
85	2607
86	2655
87	2522
88	2481
89	2418
90	2234
91	2261
92	2243
93	2102
94	2139
95	2124
96	2109
97	1995
98	1946
99	1892
100	1883
101	1866
102	1854
103	1731
104	1698
105	1668
106	1619
107	1630
108	1555
109	1590
110	1440
111	1545
112	1397
113	1433
114	1426
115	1372
116	1360
117	1326
118	1308
119	1342
120	1270
121	1209
122	1204
123	1203
124	1204
125	1128
126	1155
127	1101
128	1125
129	1056
130	1044
131	1032
132	1005
133	1043
134	984
135	971
136	956
137	955
138	879
139	901
140	892
141	919
142	895
143	861
144	878
145	816
146	829
147	839
148	798
149	811
150	778
151	754
152	753
153	747
154	737
155	769
156	699
157	736
158	684
159	674
160	658
161	673
162	636
163	646
164	650
165	613
166	553
167	570
168	599
169	643
170	584
171	582
172	594
173	491
174	570
175	538
176	530
177	510
178	495
179	506
180	554
181	469
182	522
183	474
184	467
185	478
186	439
187	519
188	435
189	447
190	420
191	436
192	414
193	432
194	435
195	417
196	391
197	418
198	459
199	391
200	408
201	382
202	361
203	412
204	380
205	351
206	369
207	369
208	400
209	382
210	385
211	354
212	374
213	349
214	371
215	364
216	362
217	365
218	319
219	337
220	320
221	330
222	334
223	334
224	312
225	311
226	338
227	287
228	286
229	322
230	308
231	304
232	272
233	288
234	325
235	302
236	255
237	266
238	282
239	269
240	269
241	275
242	278
243	276
244	269
245	245
246	276
247	270
248	241
249	271
250	248
251	249
252	256
253	224
254	258
255	241
256	217
257	219
258	245
259	267
260	200
261	244
262	214
263	220
264	215
265	222
266	216
267	200
268	200
269	242
270	216
271	216
272	216
273	192
274	199
275	204
276	215
277	208
278	229
279	202
280	196
281	197
282	212
283	181
284	177
285	152
286	186
287	206
288	181
289	157
290	192
291	178
292	164
293	179
294	179
295	159
296	168
297	194
298	161
299	162
300	173
301	147
302	158
303	144
304	164
305	164
306	176
307	175
308	151
309	190
310	155
311	137
312	153
313	147
314	153
315	166
316	133
317	185
318	126
319	141
320	170
321	159
322	132
323	131
324	128
325	133
326	151
327	142
328	143
329	136
330	128
331	156
332	122
333	120
334	117
335	150
336	123
337	135
338	120
339	144
340	115
341	127
342	136
343	105
344	130
345	118
346	126
347	123
348	131
349	124
350	115
351	121
352	124
353	124
354	119
355	120
356	123
357	113
358	120
359	121
360	114
361	111
362	123
363	120
364	116
365	118
366	118
367	115
368	103
369	114
370	107
371	103
372	107
373	89
374	114
375	112
376	99
377	101
378	107
379	108
380	102
381	86
382	101
383	95
384	84
385	101
386	82
387	74
388	102
389	77
390	94
391	88
392	93
393	75
394	71
395	91
396	90
397	87
398	77
399	98
400	84
401	85
402	98
403	96
404	76
405	99
406	91
407	78
408	91
409	70
410	88
411	81
412	97
413	75
414	92
415	90
416	88
417	87
418	89
419	94
420	96
421	88
422	88
423	90
424	85
425	78
426	72
427	100
428	70
429	91
430	72
431	85
432	78
433	89
434	86
435	87
436	75
437	67
438	82
439	78
440	71
441	57
442	80
443	78
444	68
445	74
446	56
447	70
448	61
449	66
450	70
451	61
452	90
453	98
454	69
455	85
456	73
457	69
458	76
459	64
460	80
461	69
462	74
463	66
464	83
465	63
466	64
467	67
468	76
469	72
470	75
471	75
472	52
473	74
474	74
475	64
476	56
477	68
478	62
479	64
480	60
481	73
482	75
483	72
484	57
485	48
486	51
487	79
488	63
489	74
490	60
491	61
492	59
493	66
494	68
495	53
496	69
497	76
498	70
499	58
500	65
501	65
502	52
503	57
504	42
505	56
506	59
507	71
508	65
509	61
510	66
511	58
512	65
513	62
514	46
515	60
516	53
517	57
518	46
519	46
520	67
521	65
522	48
523	63
524	58
525	55
526	49
527	52
528	45
529	60
530	49
531	52
532	53
533	67
534	53
535	67
536	53
537	66
538	46
539	56
540	55
541	55
542	53
543	41
544	56
545	54
546	53
547	54
548	56
549	49
550	42
551	53
552	39
553	45
554	48
555	46
556	54
557	50
558	51
559	50
560	37
561	44
562	52
563	53
564	39
565	44
566	51
567	65
568	54
569	35
570	52
571	34
572	47
573	56
574	42
575	48
576	51
577	42
578	48
579	50
580	53
581	45
582	50
583	43
584	55
585	49
586	33
587	39
588	38
589	32
590	32
591	43
592	43
593	50
594	47
595	45
596	50
597	47
598	52
599	48
600	28
601	34
602	44
603	49
604	41
605	38
606	33
607	38
608	45
609	50
610	44
611	53
612	43
613	52
614	44
615	45
616	30
617	45
618	38
619	40
620	39
621	41
622	33
623	31
624	43
625	36
626	32
627	53
628	42
629	38
630	54
631	36
632	31
633	36
634	40
635	38
636	37
637	33
638	37
639	43
640	32
641	42
642	44
643	26
644	37
645	41
646	42
647	43
648	36
649	47
650	41
651	34
652	35
653	40
654	35
655	34
656	35
657	30
658	41
659	35
660	35
661	38
662	37
663	35
664	31
665	37
666	30
667	26
668	33
669	34
670	31
671	33
672	38
673	32
674	33
675	27
676	30
677	38
678	28
679	47
680	32
681	31
682	40
683	23
684	35
685	35
686	22
687	33
688	37
689	35
690	23
691	42
692	27
693	42
694	30
695	28
696	34
697	24
698	36
699	34
700	28
701	31
702	40
703	42
704	29
705	33
706	28
707	21
708	32
709	37
710	42
711	24
712	31
713	31
714	31
715	36
716	29
717	23
718	33
719	22
720	35
721	24
722	34
723	27
724	33
725	30
726	36
727	25
728	31
729	23
730	40
731	25
732	31
733	24
734	36
735	29
736	40
737	22
738	21
739	27
740	28
741	23
742	23
743	24
744	23
745	28
746	29
747	23
748	25
749	30
750	24
751	30
752	31
753	31
754	35
755	30
756	23
757	31
758	21
759	29
760	28
761	27
762	21
763	31
764	25
765	26
766	28
767	38
768	16
769	19
770	19
771	26
772	38
773	27
774	26
775	29
776	31
777	24
778	28
779	24
780	24
781	25
782	21
783	30
784	32
785	25
786	28
787	26
788	19
789	27
790	27
791	20
792	34
793	22
794	34
795	22
796	23
797	32
798	23
799	22
800	24
801	18
802	27
803	25
804	30
805	15
806	28
807	23
808	22
809	29
810	22
811	31
812	24
813	32
814	25
815	28
816	24
817	20
818	22
819	18
820	21
821	22
822	25
823	27
824	36
825	22
826	15
827	21
828	24
829	22
830	27
831	30
832	26
833	21
834	21
835	30
836	29
837	20
838	21
839	28
840	21
841	21
842	25
843	30
844	23
845	21
846	23
847	23
848	21
849	26
850	22
851	15
852	21
853	19
854	16
855	27
856	24
857	32
858	23
859	21
860	21
861	29
862	23
863	23
864	18
865	24
866	25
867	23
868	20
869	13
870	18
871	23
872	21
873	24
874	15
875	14
876	14
877	21
878	28
879	15
880	13
881	25
882	24
883	21
884	27
885	18
886	16
887	14
888	20
889	11
890	22
891	18
892	15
893	11
894	28
895	15
896	18
897	18
898	12
899	17
900	21
901	22
902	18
903	24
904	24
905	14
906	16
907	26
908	24
909	16
910	29
911	22
912	20
913	28
914	17
915	19
916	20
917	24
918	20
919	15
920	16
921	17
922	19
923	14
924	19
925	18
926	20
927	14
928	14
929	20
930	16
931	18
932	19
933	19
934	17
935	18
936	15
937	11
938	15
939	17
940	15
941	20
942	18
943	21
944	18
945	15
946	19
947	12
948	17
949	11
950	18
951	18
952	16
953	21
954	10
955	14
956	20
957	21
958	22
959	24
960	9
961	22
962	24
963	17
964	20
965	9
966	21
967	6
968	14
969	23
970	26
971	11
972	11
973	19
974	23
975	15
976	15
977	20
978	19
979	11
980	18
981	19
982	15
983	13
984	20
985	13
986	12
987	20
988	13
989	12
990	20
991	19
992	7
993	23
994	21
995	16
996	13
997	20
998	15
999	9
1000	22
1001	20
1002	23
1003	17
1004	14
1005	22
1006	22
1007	19
1008	13
1009	20
1010	16
1011	21
1012	14
1013	12
1014	15
1015	11
1016	20
1017	7
1018	11
1019	22
1020	14
1021	15
1022	19
1023	13
1024	24
1025	16
1026	5
1027	21
1028	17
1029	11
1030	24
1031	21
1032	9
1033	10
1034	12
1035	14
1036	24
1037	17
1038	20
1039	14
1040	18
1041	18
1042	14
1043	16
1044	16
1045	16
1046	11
1047	8
1048	18
1049	9
1050	8
1051	20
1052	11
1053	23
1054	17
1055	8
1056	13
1057	15
1058	14
1059	18
1060	22
1061	15
1062	14
1063	17
1064	20
1065	17
1066	13
1067	10
1068	22
1069	9
1070	17
1071	11
1072	15
1073	9
1074	16
1075	18
1076	19
1077	11
1078	14
1079	12
1080	10
1081	15
1082	21
1083	11
1084	14
1085	14
1086	12
1087	16
1088	12
1089	10
1090	12
1091	8
1092	14
1093	23
1094	17
1095	14
1096	12
1097	12
1098	14
1099	14
1100	14
1101	11
1102	10
1103	10
1104	16
1105	8
1106	16
1107	13
1108	11
1109	13
1110	15
1111	10
1112	13
1113	14
1114	14
1115	12
1116	10
1117	18
1118	13
1119	10
1120	14
1121	11
1122	12
1123	12
1124	11
1125	18
1126	12
1127	12
1128	9
1129	24
1130	12
1131	10
1132	9
1133	18
1134	16
1135	16
1136	14
1137	8
1138	14
1139	12
1140	7
1141	10
1142	16
1143	11
1144	10
1145	14
1146	7
1147	17
1148	8
1149	15
1150	11
1151	12
1152	14
1153	14
1154	14
1155	11
1156	13
1157	13
1158	13
1159	14
1160	13
1161	12
1162	12
1163	13
1164	8
1165	5
1166	9
1167	12
1168	14
1169	10
1170	6
1171	12
1172	9
1173	15
1174	13
1175	11
1176	13
1177	18
1178	5
1179	13
1180	10
1181	10
1182	11
1183	15
1184	11
1185	13
1186	12
1187	15
1188	10
1189	12
1190	14
1191	11
1192	15
1193	11
1194	7
1195	11
1196	11
1197	8
1198	5
1199	13
1200	16
1201	14
1202	7
1203	6
1204	12
1205	17
1206	9
1207	9
1208	9
1209	8
1210	12
1211	13
1212	11
1213	16
1214	7
1215	3
1216	10
1217	10
1218	11
1219	16
1220	9
1221	9
1222	11
1223	9
1224	10
1225	10
1226	10
1227	10
1228	11
1229	3
1230	9
1231	10
1232	15
1233	9
1234	7
1235	10
1236	15
1237	13
1238	10
1239	10
1240	11
1241	7
1242	7
1243	9
1244	7
1245	6
1246	2
1247	12
1248	14
1249	10
1250	12
1251	11
1252	9
1253	13
1254	10
1255	13
1256	11
1257	8
1258	8
1259	9
1260	8
1261	13
1262	9
1263	9
1264	14
1265	13
1266	8
1267	9
1268	10
1269	10
1270	8
1271	9
1272	14
1273	8
1274	12
1275	10
1276	8
1277	13
1278	4
1279	7
1280	8
1281	8
1282	7
1283	10
1284	12
1285	9
1286	7
1287	14
1288	13
1289	10
1290	6
1291	17
1292	8
1293	9
1294	5
1295	11
1296	7
1297	7
1298	8
1299	10
1300	11
1301	9
1302	8
1303	11
1304	7
1305	8
1306	12
1307	13
1308	6
1309	12
1310	4
1311	5
1312	12
1313	13
1314	3
1315	13
1316	7
1317	14
1318	10
1319	4
1320	11
1321	3
1322	10
1323	9
1324	4
1325	6
1326	7
1327	6
1328	11
1329	12
1330	9
1331	7
1332	10
1333	4
1334	8
1335	12
1336	10
1337	9
1338	9
1339	8
1340	10
1341	8
1342	7
1343	6
1344	7
1345	8
1346	5
1347	10
1348	9
1349	7
1350	6
1351	5
1352	3
1353	10
1354	14
1355	7
1356	12
1357	7
1358	10
1359	7
1360	13
1361	5
1362	11
1363	5
1364	8
1365	9
1366	9
1367	5
1368	7
1369	7
1370	10
1371	8
1372	4
1373	7
1374	13
1375	5
1376	13
1377	7
1378	5
1379	7
1380	6
1381	4
1382	10
1383	4
1384	7
1385	8
1386	10
1387	6
1388	8
1389	8
1390	8
1391	4
1392	13
1393	10
1394	12
1395	8
1396	6
1397	11
1398	7
1399	7
1400	9
1401	7
1402	8
1403	6
1404	6
1405	3
1406	8
1407	5
1408	6
1409	9
1410	8
1411	10
1412	8
1413	11
1414	5
1415	6
1416	5
1417	5
1418	11
1419	7
1420	8
1421	6
1422	6
1423	6
1424	11
1425	3
1426	8
1427	5
1428	10
1429	10
1430	2
1431	7
1432	13
1433	7
1434	8
1435	14
1436	7
1437	7
1438	7
1439	5
1440	5
1441	8
1442	7
1443	8
1444	11
1445	13
1446	10
1447	9
1448	7
1449	7
1450	5
1451	7
1452	5
1453	5
1454	5
1455	10
1456	4
1457	12
1458	3
1459	8
1460	5
1461	11
1462	4
1463	7
1464	7
1465	5
1466	4
1467	7
1468	12
1469	4
1470	10
1471	4
1472	9
1473	6
1474	8
1475	8
1476	5
1477	9
1478	5
1479	4
1480	3
1481	6
1482	7
1483	8
1484	5
1485	6
1486	5
1487	3
1488	7
1489	3
1490	5
1491	11
1492	5
1493	5
1494	8
1495	3
1496	5
1497	8
1498	6
1499	3
1500	10
1501	6
1502	8
1503	3
1504	5
1505	6
1506	5
1507	7
1508	5
1509	7
1510	6
1511	6
1512	6
1513	3
1514	4
1515	4
1516	9
1517	7
1518	6
1519	6
1520	8
1521	4
1522	8
1523	7
1524	5
1525	3
1526	7
1527	6
1528	7
1529	5
1530	10
1531	8
1532	7
1533	8
1534	6
1535	11
1536	5
1537	8
1538	10
1539	12
1540	9
1541	5
1542	10
1543	8
1544	5
1545	5
1546	3
1547	6
1548	5
1549	10
1550	7
1551	4
1552	4
1553	6
1554	6
1555	11
1556	2
1557	10
1558	6
1559	6
1560	5
1561	4
1562	7
1563	7
1564	6
1565	5
1566	10
1567	5
1568	9
1569	4
1570	5
1571	3
1572	5
1573	6
1574	7
1575	2
1576	1
1577	4
1578	4
1579	5
1580	5
1581	6
1582	3
1583	7
1584	6
1585	4
1586	7
1587	9
1588	5
1589	4
1590	5
1591	1
1592	4
1593	7
1594	6
1595	9
1596	4
1597	6
1598	9
1599	3
1600	6
1601	10
1602	5
1603	5
1604	3
1605	8
1606	7
1607	2
1608	6
1609	5
1610	5
1611	9
1612	7
1613	7
1614	9
1615	4
1616	5
1617	3
1618	7
1619	2
1620	5
1621	5
1622	4
1623	5
1624	5
1625	7
1626	4
1627	5
1628	8
1629	4
1630	3
1631	5
1632	8
1633	5
1634	4
1635	4
1636	5
1637	2
1638	5
1639	6
1640	3
1641	8
1642	7
1643	2
1644	8
1645	6
1646	3
1647	5
1648	9
1649	6
1650	6
1651	8
1652	7
1653	4
1654	7
1655	7
1656	6
1657	3
1658	10
1659	5
1660	3
1661	6
1662	8
1663	6
1664	5
1665	6
1666	9
1667	6
1668	4
1669	3
1670	5
1671	3
1672	6
1673	10
1674	2
1675	7
1676	9
1677	5
1678	4
1679	3
1680	2
1681	4
1682	3
1683	6
1684	5
1685	4
1686	6
1687	8
1688	6
1689	4
1690	6
1691	3
1692	4
1693	11
1694	3
1695	6
1696	3
1697	5
1698	6
1699	6
1700	7
1701	4
1702	9
1703	3
1704	5
1705	5
1706	5
1707	6
1708	4
1709	4
1710	7
1711	3
1712	3
1713	6
1714	7
1715	5
1716	10
1717	2
1718	4
1719	3
1720	4
1721	3
1722	4
1723	8
1724	4
1725	3
1726	4
1727	4
1728	4
1729	4
1730	2
1731	9
1732	1
1733	6
1734	7
1735	5
1736	6
1737	5
1738	4
1739	2
1740	3
1741	7
1742	5
1743	7
1744	6
1745	1
1746	4
1747	5
1748	7
1749	4
1750	4
1751	8
1752	5
1753	5
1754	6
1755	5
1756	4
1757	2
1758	11
1759	2
1760	2
1761	5
1762	6
1763	1
1764	3
1765	3
1766	7
1767	2
1768	2
1769	4
1770	5
1771	3
1772	4
1773	6
1774	4
1775	4
1776	3
1777	5
1778	2
1779	3
1781	4
1782	3
1783	3
1784	4
1785	6
1786	7
1787	4
1788	6
1789	6
1790	7
1791	6
1792	7
1793	6
1794	7
1795	4
1796	7
1797	8
1798	7
1799	3
1800	8
1801	7
1802	1
1803	2
1804	5
1806	1
1807	5
1808	4
1809	2
1810	6
1811	8
1812	4
1813	3
1814	1
1815	2
1816	7
1817	8
1818	4
1819	5
1820	8
1821	4
1822	3
1823	1
1824	5
1825	6
1826	2
1827	4
1828	4
1829	2
1830	6
1831	7
1832	5
1833	3
1834	2
1835	3
1836	5
1837	7
1838	6
1839	4
1840	6
1841	3
1842	4
1843	4
1844	3
1845	3
1846	2
1847	5
1848	3
1849	2
1850	3
1851	4
1852	4
1853	2
1854	2
1855	7
1856	5
1858	8
1859	4
1860	2
1861	5
1862	6
1863	5
1864	4
1865	4
1866	4
1867	2
1868	4
1869	2
1870	5
1871	3
1872	2
1873	3
1874	6
1875	5
1876	4
1877	4
1878	2
1879	2
1880	2
1881	4
1882	7
1883	3
1884	2
1885	5
1886	3
1887	2
1888	4
1889	3
1890	7
1891	5
1892	3
1893	1
1894	7
1895	3
1897	3
1898	3
1899	6
1900	6
1901	3
1902	6
1903	5
1904	5
1905	4
1906	3
1907	2
1908	2
1909	4
1910	5
1911	3
1913	1
1914	4
1915	4
1916	4
1917	7
1918	3
1919	7
1920	5
1921	3
1922	6
1923	6
1924	6
1925	5
1926	1
1927	4
1928	6
1929	4
1930	5
1931	6
1932	3
1933	6
1934	6
1935	5
1936	5
1937	2
1938	3
1939	5
1940	2
1941	4
1942	5
1943	5
1944	6
1945	2
1946	4
1947	4
1948	2
1949	6
1950	1
1951	2
1952	3
1953	4
1954	5
1955	5
1956	3
1957	4
1958	2
1959	9
1960	5
1961	5
1962	3
1963	4
1964	1
1965	3
1966	4
1967	3
1968	3
1969	3
1970	4
1971	7
1972	4
1973	5
1974	2
1975	6
1976	4
1977	5
1978	1
1979	4
1980	1
1981	3
1982	5
1983	3
1984	3
1985	7
1986	4
1987	3
1988	2
1989	2
1990	2
1991	2
1992	6
1993	4
1994	4
1995	8
1996	2
1997	4
1998	2
1999	2
2000	1
2001	4
2002	2
2003	1
2004	5
2005	1
2006	5
2007	2
2008	1
2009	1
2010	4
2011	6
2012	3
2013	2
2014	2
2015	6
2016	3
2017	6
2018	2
2019	3
2020	5
2021	2
2022	3
2023	4
2024	1
2025	2
2026	7
2027	5
2028	5
2029	2
2030	4
2031	7
2032	5
2033	3
2034	2
2035	3
2036	4
2037	3
2038	5
2039	5
2040	4
2041	3
2042	3
2043	7
2044	3
2045	3
2046	4
2047	4
2048	3
2049	3
2050	1
2051	2
2052	7
2053	4
2054	1
2055	3
2056	3
2057	1
2058	6
2059	2
2060	5
2061	3
2062	3
2063	6
2064	4
2065	3
2066	6
2067	1
2068	4
2069	6
2070	4
2071	3
2072	4
2073	1
2074	5
2075	7
2076	5
2077	10
2078	3
2079	2
2080	4
2081	3
2082	2
2083	3
2084	2
2085	1
2086	5
2087	2
2088	7
2089	1
2090	4
2091	4
2092	5
2094	3
2095	1
2096	7
2097	4
2098	2
2099	6
2100	4
2101	5
2102	2
2103	1
2104	3
2105	3
2106	3
2107	8
2108	4
2109	1
2110	3
2111	7
2112	1
2113	4
2114	3
2115	1
2116	7
2117	5
2118	6
2119	4
2120	9
2121	8
2122	2
2123	5
2124	4
2125	2
2126	4
2127	5
2128	4
2129	5
2130	1
2131	6
2132	2
2134	3
2135	2
2136	2
2137	1
2138	5
2139	4
2140	5
2141	2
2142	4
2143	1
2144	3
2145	1
2146	2
2147	1
2148	3
2149	1
2150	2
2151	3
2152	7
2153	6
2154	8
2155	3
2156	2
2157	2
2158	6
2159	4
2160	4
2161	2
2162	5
2163	1
2164	3
2165	5
2166	4
2167	2
2168	1
2170	7
2171	6
2172	2
2173	7
2174	2
2175	6
2176	5
2177	2
2178	2
2179	3
2180	4
2181	3
2182	3
2183	4
2184	2
2185	4
2186	1
2187	5
2188	3
2190	5
2191	2
2192	1
2193	4
2194	4
2195	2
2196	3
2197	3
2198	3
2199	3
2200	3
2202	4
2203	1
2204	7
2205	3
2206	4
2207	3
2208	2
2209	2
2210	5
2211	7
2212	2
2213	1
2214	7
2215	1
2216	2
2217	1
2218	2
2219	3
2220	3
2221	2
2222	1
2224	3
2225	3
2226	2
2227	1
2229	3
2230	2
2231	4
2232	7
2233	2
2234	4
2235	2
2237	3
2238	3
2239	1
2240	2
2241	2
2242	3
2243	4
2244	2
2245	6
2246	1
2247	4
2248	4
2249	4
2250	3
2251	4
2252	5
2254	4
2255	3
2256	3
2257	3
2258	4
2259	5
2260	3
2261	1
2262	2
2263	3
2264	2
2265	4
2266	6
2267	3
2268	1
2269	3
2270	3
2271	2
2272	2
2273	5
2274	5
2275	1
2276	2
2277	2
2278	5
2280	1
2282	1
2283	2
2284	1
2285	1
2286	3
2287	4
2288	5
2289	2
2290	3
2291	2
2292	2
2293	1
2294	1
2295	3
2296	3
2297	3
2299	2
2300	5
2301	6
2302	3
2304	3
2305	2
2306	3
2307	3
2308	1
2309	2
2310	4
2311	1
2312	1
2313	4
2314	4
2315	2
2316	2
2317	6
2318	4
2319	1
2320	4
2321	2
2322	1
2323	3
2324	3
2325	2
2326	1
2327	2
2328	1
2329	3
2330	4
2331	1
2332	3
2333	7
2335	6
2336	1
2337	2
2338	4
2339	4
2340	1
2341	1
2343	6
2344	4
2345	4
2346	2
2347	3
2348	1
2349	2
2350	3
2351	1
2352	4
2353	2
2354	2
2355	3
2356	2
2357	4
2358	4
2359	3
2360	3
2361	1
2362	3
2363	2
2364	4
2365	3
2366	3
2367	5
2368	1
2369	1
2371	4
2373	2
2374	1
2375	3
2376	1
2378	3
2379	5
2381	1
2382	2
2383	3
2384	4
2385	3
2386	4
2387	2
2388	1
2390	4
2391	3
2392	2
2393	3
2394	2
2395	2
2396	3
2397	2
2398	3
2399	2
2400	4
2401	2
2402	2
2403	4
2405	3
2406	4
2407	2
2408	2
2411	2
2412	4
2413	3
2414	1
2415	2
2416	1
2417	4
2418	6
2419	2
2420	2
2421	3
2422	4
2423	5
2424	6
2425	3
2426	1
2427	2
2429	2
2430	3
2431	3
2432	1
2433	4
2434	1
2435	1
2436	2
2437	1
2438	1
2439	2
2440	1
2441	7
2442	2
2444	3
2445	2
2446	3
2448	5
2449	2
2450	3
2451	1
2452	1
2453	4
2456	4
2457	3
2458	2
2459	2
2461	3
2462	2
2463	2
2464	3
2465	2
2466	3
2467	1
2469	1
2470	2
2471	4
2472	4
2473	1
2474	1
2475	1
2476	3
2478	4
2479	5
2480	1
2481	4
2482	3
2484	4
2485	2
2486	4
2487	2
2489	4
2491	3
2492	2
2494	3
2495	3
2496	6
2497	3
2498	5
2499	2
2500	1
2501	5
2502	5
2503	4
2504	3
2505	3
2510	4
2511	5
2512	3
2513	3
2514	2
2515	2
2516	1
2517	3
2518	3
2521	2
2522	1
2523	1
2524	2
2527	1
2528	5
2529	1
2530	1
2531	2
2533	2
2534	1
2535	2
2536	1
2537	3
2538	4
2539	1
2540	3
2541	1
2542	2
2544	2
2545	1
2546	2
2547	2
2548	3
2549	4
2550	1
2551	3
2552	3
2553	2
2554	1
2555	2
2556	1
2557	1
2558	2
2559	2
2560	3
2561	3
2562	1
2564	2
2565	2
2567	2
2568	2
2569	3
2570	3
2572	1
2573	2
2574	1
2575	1
2576	1
2577	6
2578	2
2579	2
2581	2
2583	4
2584	4
2585	1
2586	1
2587	4
2588	4
2590	3
2591	3
2592	1
2593	3
2594	4
2596	5
2597	1
2598	2
2600	1
2602	1
2603	6
2604	5
2605	4
2606	1
2607	4
2608	2
2609	1
2610	2
2611	2
2612	2
2614	2
2616	2
2618	3
2619	3
2621	1
2622	3
2623	1
2625	2
2626	1
2627	1
2628	2
2629	1
2630	3
2631	3
2632	1
2633	1
2634	1
2635	3
2636	3
2637	4
2638	3
2639	3
2640	2
2641	2
2642	3
2643	2
2644	1
2645	1
2646	1
2647	1
2648	3
2649	1
2650	2
2651	6
2652	1
2653	1
2654	3
2656	4
2657	2
2658	2
2659	2
2660	1
2661	5
2663	2
2664	2
2665	1
2667	1
2668	1
2669	1
2670	2
2672	3
2673	4
2674	1
2675	3
2676	2
2677	2
2679	3
2680	2
2681	5
2682	2
2685	2
2686	1
2687	2
2688	1
2689	2
2690	2
2691	1
2692	1
2694	5
2695	3
2698	3
2699	3
2701	3
2702	2
2703	1
2704	2
2705	2
2706	1
2707	2
2708	2
2709	1
2710	2
2711	3
2712	1
2713	1
2714	2
2716	1
2717	1
2718	2
2721	2
2722	1
2723	2
2724	4
2725	2
2726	5
2727	4
2728	1
2729	5
2730	2
2731	2
2732	1
2734	1
2735	4
2737	2
2739	2
2740	1
2741	2
2742	2
2743	2
2748	4
2749	1
2750	3
2751	4
2752	2
2753	1
2755	6
2756	2
2757	2
2758	3
2759	2
2760	1
2761	2
2763	1
2764	2
2766	4
2767	1
2769	3
2770	3
2771	1
2772	1
2773	3
2774	1
2775	3
2776	1
2777	3
2778	2
2779	2
2780	1
2781	3
2782	3
2783	3
2784	1
2785	1
2786	2
2787	4
2788	2
2790	1
2791	2
2792	3
2793	3
2794	1
2795	2
2796	1
2797	1
2798	1
2799	1
2801	1
2803	3
2804	1
2805	2
2806	1
2807	1
2809	2
2810	3
2811	4
2812	1
2813	1
2814	1
2816	2
2817	1
2818	2
2820	1
2821	2
2825	2
2827	1
2828	1
2830	1
2831	2
2832	1
2834	3
2835	2
2838	1
2842	4
2843	1
2844	1
2847	2
2849	1
2850	6
2851	1
2852	2
2853	1
2854	3
2855	2
2857	3
2858	1
2859	2
2860	3
2861	2
2862	3
2863	3
2864	2
2865	2
2866	2
2867	1
2868	5
2869	3
2870	1
2871	2
2872	3
2873	1
2874	2
2875	4
2876	3
2877	4
2878	3
2879	3
2880	2
2881	2
2882	2
2883	2
2884	1
2887	1
2888	1
2889	1
2890	2
2891	1
2892	1
2893	1
2895	2
2896	1
2898	4
2899	2
2900	2
2902	2
2903	3
2904	2
2905	1
2906	2
2908	2
2909	2
2910	1
2911	1
2912	1
2913	1
2914	2
2915	1
2916	3
2917	3
2918	1
2921	1
2922	1
2923	1
2924	2
2925	5
2926	4
2928	1
2929	1
2930	3
2932	1
2934	1
2935	1
2936	2
2938	5
2940	2
2941	1
2942	1
2943	1
2944	2
2945	2
2947	4
2948	1
2952	3
2953	1
2954	2
2955	1
2956	2
2957	1
2958	3
2960	1
2961	2
2962	1
2963	1
2967	3
2968	2
2969	2
2970	2
2971	1
2973	3
2974	3
2975	3
2976	2
2977	2
2978	1
2979	5
2982	2
2983	2
2984	1
2985	2
2986	2
2987	1
2992	2
2993	2
2994	1
2995	1
2996	3
2997	1
2999	1
3000	1
3001	2
3004	3
3005	1
3006	3
3007	6
3009	1
3010	1
3013	1
3014	1
3015	1
3016	1
3017	5
3018	2
3019	1
3021	1
3022	1
3023	2
3025	1
3026	4
3027	1
3029	1
3031	3
3032	1
3034	1
3035	3
3036	4
3037	1
3038	1
3040	2
3041	2
3042	1
3043	2
3044	2
3046	1
3047	1
3048	2
3049	2
3050	1
3052	2
3053	1
3054	3
3055	1
3056	2
3057	3
3059	2
3060	2
3061	1
3062	3
3063	4
3064	1
3065	3
3066	3
3067	1
3068	1
3070	2
3071	1
3072	2
3073	2
3077	2
3078	1
3080	4
3081	1
3082	1
3084	1
3085	1
3086	2
3087	1
3088	1
3089	1
3093	2
3095	4
3096	3
3097	1
3098	4
3099	1
3100	1
3102	1
3104	1
3105	2
3106	2
3107	1
3108	4
3109	2
3111	4
3112	3
3113	1
3115	2
3116	1
3118	1
3120	1
3121	3
3122	1
3123	1
3127	2
3128	2
3129	3
3130	1
3131	2
3132	1
3134	1
3135	2
3136	3
3137	2
3138	1
3139	2
3141	2
3142	2
3143	1
3145	2
3146	3
3147	1
3148	2
3149	4
3150	1
3153	4
3154	1
3155	2
3156	1
3157	5
3158	1
3160	2
3163	1
3164	2
3165	1
3166	2
3167	2
3168	1
3169	4
3172	2
3174	2
3175	1
3176	2
3177	1
3179	1
3180	2
3182	1
3184	2
3185	2
3186	1
3187	2
3188	2
3189	1
3190	1
3191	1
3192	2
3197	3
3198	2
3199	5
3200	1
3201	3
3203	1
3204	3
3205	1
3206	3
3207	1
3208	2
3209	3
3210	1
3212	2
3213	2
3214	1
3216	1
3217	1
3218	1
3219	1
3220	2
3221	3
3223	1
3224	2
3225	3
3227	1
3228	2
3229	2
3230	2
3231	5
3233	2
3234	2
3235	4
3236	4
3237	1
3239	2
3240	1
3242	1
3247	3
3248	1
3249	2
3251	1
3252	1
3254	2
3256	1
3257	1
3258	2
3259	2
3262	3
3264	2
3265	1
3266	4
3267	1
3269	2
3270	1
3271	3
3276	2
3278	2
3279	1
3280	2
3282	1
3283	1
3284	1
3286	3
3288	2
3289	3
3292	4
3294	3
3295	3
3296	3
3297	2
3298	5
3301	1
3302	3
3303	2
3304	4
3305	1
3306	1
3307	3
3312	1
3314	1
3315	3
3319	1
3320	1
3324	1
3326	1
3327	1
3328	4
3329	4
3330	1
3331	1
3332	1
3333	1
3334	1
3335	1
3338	4
3339	1
3340	2
3341	1
3343	1
3345	1
3347	1
3348	1
3349	1
3352	1
3353	2
3354	2
3355	1
3356	1
3357	1
3358	2
3360	2
3361	2
3363	2
3364	3
3365	3
3367	2
3369	2
3371	1
3372	4
3373	1
3374	2
3375	2
3377	2
3381	1
3384	1
3386	1
3387	1
3388	2
3390	2
3392	2
3393	2
3394	3
3396	1
3397	1
3402	1
3403	3
3405	2
3406	3
3407	1
3408	4
3409	1
3411	2
3412	1
3413	1
3414	1
3415	1
3417	1
3418	1
3420	1
3421	1
3422	1
3423	1
3425	1
3426	2
3427	2
3431	1
3432	3
3434	1
3435	2
3437	1
3438	2
3439	2
3440	1
3441	1
3442	1
3444	2
3445	1
3446	2
3447	1
3448	3
3449	2
3450	1
3451	1
3452	3
3455	1
3458	2
3459	1
3463	1
3467	3
3468	1
3469	1
3470	1
3471	1
3473	2
3474	3
3475	1
3476	3
3478	2
3479	1
3480	2
3482	2
3483	2
3484	1
3485	1
3488	1
3489	1
3490	2
3491	2
3492	1
3493	2
3494	2
3498	2
3499	1
3500	1
3503	2
3505	1
3506	1
3507	1
3509	3
3510	1
3511	1
3514	1
3515	1
3516	4
3517	1
3518	1
3519	2
3520	1
3522	2
3524	2
3525	1
3528	2
3530	1
3531	2
3532	1
3533	1
3535	3
3536	4
3537	1
3538	1
3541	3
3542	2
3543	1
3544	1
3546	1
3549	1
3550	3
3553	1
3554	1
3555	1
3556	1
3557	1
3558	1
3559	1
3560	3
3562	2
3564	3
3566	1
3567	1
3568	3
3569	1
3570	1
3571	2
3573	1
3575	1
3578	1
3580	1
3581	1
3582	2
3586	2
3587	5
3588	1
3589	2
3590	2
3592	2
3595	3
3596	2
3599	1
3601	1
3606	2
3607	3
3608	1
3611	1
3612	2
3613	2
3615	1
3616	1
3617	1
3619	1
3622	1
3623	1
3624	1
3626	2
3627	2
3628	1
3629	2
3630	1
3633	1
3634	1
3638	1
3640	2
3641	1
3643	2
3644	2
3647	3
3648	1
3650	2
3652	2
3655	1
3657	1
3658	2
3660	1
3661	1
3663	1
3664	2
3665	2
3666	1
3669	1
3670	1
3671	1
3673	1
3674	2
3675	1
3676	2
3677	1
3678	2
3680	4
3685	3
3686	1
3688	2
3690	3
3693	1
3694	2
3696	1
3699	1
3701	1
3704	1
3705	2
3706	2
3707	1
3708	1
3710	1
3711	1
3713	3
3715	2
3716	1
3717	1
3718	1
3719	1
3720	1
3722	2
3723	1
3725	1
3726	3
3727	1
3728	2
3730	1
3734	1
3735	3
3736	1
3737	1
3738	2
3740	1
3742	3
3744	1
3745	2
3747	1
3751	2
3754	2
3755	1
3756	4
3757	1
3758	1
3761	1
3762	3
3765	1
3766	1
3767	1
3768	3
3772	1
3773	1
3774	1
3775	2
3776	1
3779	1
3791	4
3792	2
3793	1
3794	2
3795	2
3797	1
3798	3
3800	2
3801	2
3805	1
3806	1
3808	1
3809	2
3810	1
3812	1
3813	1
3815	2
3816	1
3817	2
3819	2
3820	3
3821	2
3824	2
3825	2
3826	1
3827	1
3829	2
3831	2
3832	2
3834	1
3835	1
3837	2
3838	2
3839	1
3840	2
3842	2
3843	2
3844	1
3846	1
3848	1
3849	1
3853	2
3854	1
3855	1
3856	1
3857	1
3858	1
3859	2
3860	1
3861	3
3862	1
3864	1
3867	2
3870	1
3871	2
3872	1
3875	4
3876	1
3878	3
3880	2
3881	1
3882	2
3883	2
3885	2
3886	1
3887	2
3889	1
3890	1
3891	1
3892	2
3893	1
3894	2
3895	1
3896	1
3898	1
3899	2
3901	2
3903	1
3906	1
3909	1
3912	1
3914	1
3919	1
3920	1
3921	1
3922	1
3923	1
3924	1
3929	1
3930	1
3932	1
3933	3
3934	3
3935	1
3937	1
3938	2
3939	1
3940	1
3941	1
3944	2
3945	1
3948	1
3949	1
3951	1
3952	1
3954	1
3955	1
3957	1
3958	3
3959	1
3961	1
3962	1
3963	1
3965	1
3966	1
3970	2
3971	1
3972	1
3974	1
3976	1
3977	1
3978	1
3979	1
3985	1
3986	1
3988	1
3991	1
3992	1
3996	2
4001	2
4002	1
4006	1
4007	1
4012	1
4014	1
4015	2
4017	1
4024	1
4029	1
4030	2
4031	1
4032	3
4034	2
4036	3
4038	3
4039	1
4041	1
4044	1
4047	1
4049	2
4050	1
4051	1
4052	1
4055	1
4059	1
4062	1
4064	1
4065	1
4068	1
4071	2
4072	1
4073	3
4074	2
4077	1
4078	1
4079	1
4080	2
4081	1
4082	1
4083	1
4084	1
4087	1
4090	1
4091	1
4092	1
4093	1
4095	2
4096	2
4100	1
4103	1
4106	2
4108	1
4111	3
4112	1
4113	1
4115	1
4118	2
4124	1
4125	2
4127	1
4130	1
4134	2
4135	1
4136	1
4141	1
4142	1
4146	1
4147	2
4148	1
4149	1
4150	1
4151	1
4153	1
4155	2
4156	1
4157	1
4158	3
4160	1
4165	1
4166	1
4167	2
4168	1
4169	1
4170	2
4172	2
4174	1
4175	2
4176	2
4178	1
4180	1
4182	3
4184	1
4185	2
4187	1
4189	2
4192	2
4193	2
4194	1
4196	1
4198	2
4199	1
4200	1
4202	1
4205	1
4207	1
4208	1
4209	1
4216	1
4218	3
4219	1
4221	1
4222	1
4223	1
4224	1
4226	1
4230	4
4231	2
4233	3
4235	1
4237	1
4239	1
4245	1
4246	1
4247	1
4248	2
4251	1
4256	3
4258	1
4259	1
4260	1
4261	1
4264	1
4265	2
4266	1
4267	1
4268	1
4269	1
4271	2
4273	1
4274	1
4276	2
4279	1
4280	1
4285	1
4286	2
4287	1
4288	1
4290	1
4291	2
4292	1
4293	1
4294	2
4295	1
4296	1
4299	1
4301	1
4302	2
4305	1
4306	2
4308	1
4309	1
4310	1
4313	2
4316	1
4318	1
4320	1
4321	1
4325	1
4327	1
4329	1
4336	1
4338	1
4339	1
4340	1
4342	1
4343	2
4346	2
4349	3
4350	1
4355	1
4357	2
4360	1
4361	1
4362	1
4367	1
4368	2
4370	2
4371	1
4372	1
4373	1
4374	1
4375	1
4386	1
4387	1
4388	1
4392	3
4396	1
4397	1
4402	1
4405	1
4406	2
4410	1
4412	3
4416	1
4418	1
4420	1
4422	1
4423	1
4426	2
4427	1
4428	1
4429	1
4430	1
4431	2
4434	1
4436	1
4442	1
4445	1
4446	2
4452	1
4453	2
4454	1
4456	2
4457	1
4458	2
4459	1
4460	1
4462	2
4465	1
4466	2
4475	3
4479	1
4480	1
4485	1
4488	2
4489	1
4491	1
4494	1
4496	1
4502	1
4503	2
4504	1
4506	2
4507	1
4510	1
4513	1
4514	2
4515	1
4516	1
4520	2
4522	1
4523	1
4524	2
4525	3
4527	1
4528	2
4530	1
4531	3
4533	2
4535	1
4536	1
4537	1
4540	1
4541	2
4542	1
4543	1
4545	2
4546	2
4547	1
4549	1
4550	1
4554	1
4555	1
4559	1
4561	1
4562	1
4567	1
4570	2
4572	1
4573	2
4574	1
4578	1
4580	2
4584	1
4585	1
4587	2
4588	1
4589	1
4590	1
4594	2
4595	1
4596	1
4599	1
4600	3
4603	1
4605	1
4606	1
4607	1
4608	1
4611	1
4614	1
4616	1
4623	1
4625	2
4629	1
4630	1
4631	1
4632	1
4633	1
4635	1
4637	1
4639	1
4647	1
4650	1
4651	1
4655	1
4657	2
4659	1
4660	2
4661	2
4662	1
4664	1
4665	4
4666	1
4668	1
4671	1
4672	1
4674	3
4675	1
4676	1
4678	1
4682	2
4684	2
4687	1
4689	2
4695	1
4696	1
4698	1
4701	1
4704	1
4705	1
4707	1
4708	2
4709	1
4710	1
4712	1
4713	1
4716	1
4718	2
4719	1
4720	1
4722	1
4727	3
4729	1
4731	1
4736	1
4739	1
4742	1
4745	2
4747	1
4752	2
4753	1
4755	1
4756	1
4757	2
4759	1
4760	2
4762	1
4764	2
4768	1
4770	1
4771	1
4772	1
4775	1
4776	1
4779	1
4781	1
4783	1
4787	1
4788	2
4789	1
4793	1
4795	1
4796	1
4799	2
4800	1
4803	1
4807	1
4812	1
4813	1
4816	2
4817	1
4819	2
4820	2
4825	1
4829	2
4831	3
4833	2
4835	1
4839	2
4844	2
4848	1
4859	1
4861	2
4862	1
4863	1
4866	1
4868	2
4872	1
4874	1
4877	1
4880	1
4883	1
4889	1
4891	1
4893	1
4894	2
4896	1
4898	2
4900	1
4901	1
4904	1
4905	1
4907	1
4908	1
4909	2
4911	1
4912	3
4917	1
4918	1
4919	1
4920	1
4921	1
4922	1
4927	1
4929	2
4936	1
4937	1
4939	1
4941	1
4942	1
4945	1
4952	2
4953	1
4954	1
4955	1
4956	1
4962	1
4964	1
4966	1
4967	1
4971	1
4972	2
4974	1
4975	1
4976	2
4979	2
4981	1
4983	1
4985	1
4986	1
4987	1
4992	1
4993	1
4994	1
4998	2
5001	1
5012	1
5020	1
5022	1
5025	1
5029	1
5032	1
5036	1
5038	2
5040	1
5045	1
5047	4
5048	1
5049	1
5052	1
5058	1
5069	1
5070	1
5072	1
5074	2
5075	1
5078	1
5081	1
5082	2
5091	1
5092	1
5093	1
5102	1
5105	2
5108	1
5110	1
5111	3
5112	2
5117	1
5120	1
5126	1
5130	1
5132	1
5136	1
5137	1
5149	1
5150	2
5151	1
5155	1
5156	1
5158	1
5163	1
5164	2
5166	1
5167	1
5176	2
5177	1
5178	1
5182	1
5188	1
5195	1
5204	1
5205	1
5207	1
5212	1
5215	1
5216	1
5217	1
5218	3
5226	1
5228	1
5230	2
5232	1
5233	1
5237	1
5238	1
5239	1
5242	1
5248	1
5249	1
5251	1
5256	1
5258	1
5261	1
5262	2
5264	1
5267	1
5274	1
5280	1
5288	1
5292	1
5294	1
5296	1
5304	1
5305	1
5310	1
5312	1
5313	1
5316	1
5318	1
5319	1
5327	1
5329	1
5331	1
5337	1
5340	1
5345	2
5346	1
5348	2
5349	1
5353	2
5358	1
5361	1
5363	2
5365	1
5366	1
5367	2
5368	1
5372	1
5374	1
5378	1
5380	1
5381	1
5384	1
5386	1
5390	1
5391	1
5393	1
5396	1
5398	1
5406	1
5407	1
5412	2
5414	1
5418	1
5421	1
5422	1
5423	1
5427	1
5430	1
5431	2
5433	1
5439	1
5442	1
5445	1
5448	1
5459	1
5462	1
5464	1
5470	1
5471	1
5478	1
5480	1
5481	1
5487	3
5488	1
5490	1
5493	1
5495	1
5502	1
5503	1
5508	1
5512	1
5513	1
5515	1
5527	1
5529	1
5530	1
5531	1
5535	1
5541	1
5546	1
5554	1
5555	1
5557	1
5559	2
5560	1
5565	1
5566	1
5574	1
5575	1
5603	1
5607	1
5614	1
5630	1
5636	1
5651	1
5652	1
5653	1
5654	1
5659	1
5660	2
5662	1
5668	1
5675	1
5682	2
5692	2
5694	1
5695	1
5697	2
5700	1
5703	1
5708	1
5711	1
5712	1
5714	1
5720	1
5723	1
5725	1
5729	1
5732	2
5736	1
5740	1
5742	1
5752	1
5755	1
5756	1
5764	1
5767	1
5768	1
5781	1
5786	1
5789	2
5795	1
5796	1
5797	5
5810	2
5822	1
5825	1
5827	2
5828	1
5830	1
5831	1
5833	1
5836	1
5842	1
5846	2
5849	1
5850	1
5852	1
5866	1
5868	1
5870	1
5874	1
5875	2
5877	1
5883	1
5885	1
5894	1
5896	1
5908	2
5912	1
5913	1
5926	1
5929	1
5930	1
5932	2
5937	1
5938	1
5939	1
5940	1
5941	1
5944	1
5950	1
5952	1
5954	1
5962	1
5964	1
5966	1
5970	1
5976	2
5977	1
5978	1
5983	2
5991	2
6000	1
6001	1
6002	1
6005	1
6006	2
6007	2
6010	1
6013	1
6020	1
6026	1
6031	1
6034	1
6037	1
6039	1
6047	1
6053	1
6055	1
6060	1
6067	1
6070	1
6071	1
6074	1
6077	1
6084	1
6094	1
6095	1
6099	1
6100	3
6110	1
6115	1
6116	1
6117	1
6120	1
6126	1
6133	1
6141	1
6149	1
6153	1
6154	1
6169	1
6171	1
6174	1
6182	1
6186	1
6189	2
6196	1
6200	2
6208	1
6213	1
6215	1
6228	1
6233	1
6242	1
6255	2
6273	1
6277	1
6282	3
6283	1
6284	1
6288	1
6290	1
6296	2
6303	1
6306	2
6307	3
6309	1
6312	1
6313	1
6321	1
6325	1
6326	1
6327	1
6329	1
6332	2
6337	1
6339	1
6345	1
6350	1
6352	1
6354	1
6358	2
6365	1
6372	1
6378	1
6380	1
6381	2
6382	1
6385	2
6388	1
6392	1
6395	1
6396	1
6399	1
6407	2
6409	1
6410	1
6419	1
6420	1
6438	1
6442	2
6443	1
6452	1
6455	1
6467	1
6469	1
6474	1
6484	1
6491	1
6496	1
6501	1
6502	1
6504	1
6507	1
6513	1
6514	1
6518	1
6519	1
6523	1
6528	1
6530	1
6534	1
6535	1
6544	1
6550	1
6553	1
6554	1
6560	1
6563	1
6565	1
6569	1
6577	1
6580	1
6600	1
6604	1
6611	1
6614	1
6621	1
6622	1
6623	1
6635	1
6636	1
6639	1
6641	2
6642	1
6645	1
6646	1
6653	1
6660	1
6664	1
6671	1
6673	1
6678	1
6683	1
6685	1
6702	1
6703	1
6704	1
6705	1
6707	2
6721	1
6724	1
6732	1
6734	1
6735	1
6737	1
6743	2
6745	1
6746	1
6751	1
6760	1
6761	1
6762	1
6766	1
6790	1
6794	1
6803	2
6805	3
6808	1
6814	1
6815	2
6816	1
6821	1
6838	1
6850	2
6855	1
6866	1
6869	1
6871	1
6873	1
6877	2
6881	1
6882	1
6884	1
6885	1
6888	1
6891	1
6904	1
6907	1
6910	1
6911	3
6927	1
6946	1
6948	2
6949	1
6971	1
6974	1
6989	1
6991	1
6993	2
6998	1
7000	1
7001	4
7003	1
7004	2
7016	1
7021	1
7027	1
7036	1
7037	2
7043	1
7046	1
7047	2
7049	4
7050	1
7051	1
7053	1
7054	1
7056	1
7058	1
7066	1
7070	1
7072	1
7081	1
7083	1
7084	1
7088	1
7100	1
7104	1
7111	1
7117	1
7119	1
7125	1
7126	2
7154	1
7157	1
7160	1
7171	2
7174	1
7182	1
7184	1
7190	2
7193	1
7212	1
7220	2
7228	1
7229	1
7230	1
7232	2
7236	1
7242	1
7244	1
7245	1
7246	1
7247	1
7250	1
7251	1
7253	1
7257	1
7258	1
7277	1
7283	1
7284	1
7291	1
7295	1
7297	1
7306	1
7312	2
7324	1
7326	1
7329	1
7335	1
7337	1
7339	1
7340	2
7345	1
7347	1
7351	1
7357	1
7358	1
7361	1
7363	2
7368	2
7371	1
7372	1
7377	1
7391	1
7405	2
7414	1
7421	2
7426	1
7427	1
7428	1
7430	1
7435	1
7443	1
7448	1
7449	1
7455	1
7459	1
7461	1
7465	2
7470	2
7473	1
7474	1
7477	1
7486	1
7488	1
7489	1
7490	1
7496	1
7498	1
7502	1
7505	1
7507	1
7509	1
7512	1
7515	1
7519	1
7520	1
7528	1
7530	2
7531	2
7532	1
7536	1
7537	1
7548	1
7560	1
7561	1
7578	1
7583	1
7598	1
7600	2
7606	2
7608	1
7615	1
7619	2
7622	1
7626	1
7629	1
7630	1
7634	1
7639	2
7640	1
7641	1
7648	1
7649	2
7663	1
7664	1
7665	1
7684	1
7691	1
7694	2
7695	1
7699	1
7704	1
7707	1
7709	1
7716	2
7718	1
7720	1
7721	1
7722	1
7726	1
7735	1
7737	1
7741	1
7743	1
7749	1
7755	1
7762	1
7769	1
7771	1
7774	2
7780	1
7785	1
7786	1
7787	1
7788	1
7789	1
7790	1
7801	1
7804	1
7815	1
7817	1
7819	1
7826	1
7828	1
7830	2
7833	1
7846	1
7847	1
7860	1
7862	1
7864	1
7879	2
7889	1
7899	1
7904	1
7907	1
7909	1
7913	1
7921	1
7922	1
7923	1
7927	1
7930	1
7945	1
7949	1
7960	1
7970	1
7989	1
7990	1
7992	1
8002	1
8029	1
8031	1
8034	1
8035	2
8036	1
8038	1
8050	1
8063	1
8075	1
8082	1
8101	1
8109	1
8126	1
8128	1
8135	1
8136	1
8171	1
8174	2
8196	1
8202	1
8209	2
8219	1
8223	1
8229	1
8239	1
8247	1
8256	2
8257	1
8262	1
8266	3
8278	1
8280	1
8287	1
8291	1
8299	2
8302	1
8314	1
8316	1
8324	1
8329	1
8333	1
8345	1
8347	1
8348	1
8374	1
8385	1
8394	2
8399	1
8401	1
8409	1
8410	1
8423	2
8425	1
8432	1
8435	1
8440	1
8444	1
8451	1
8455	1
8464	1
8481	1
8490	1
8507	2
8511	1
8522	1
8525	1
8530	1
8535	1
8542	1
8548	1
8551	1
8563	1
8565	1
8574	1
8583	1
8595	1
8600	2
8609	1
8621	1
8622	1
8637	1
8644	1
8655	1
8669	1
8670	2
8672	1
8674	1
8681	1
8687	1
8691	1
8724	1
8741	1
8762	1
8765	1
8776	1
8785	1
8791	1
8815	1
8817	1
8834	1
8835	1
8837	1
8844	1
8845	1
8861	1
8878	1
8884	1
8910	1
8911	1
8912	2
8917	1
8921	1
8931	1
8958	1
8960	1
8966	1
8968	1
8982	1
8986	1
8993	1
8999	2
9003	1
9033	2
9036	1
9043	1
9056	1
9062	1
9074	1
9084	2
9087	1
9092	2
9104	1
9117	1
9124	1
9129	1
9147	1
9199	1
9200	1
9204	1
9213	1
9214	1
9226	1
9229	1
9235	1
9253	1
9268	1
9272	1
9279	1
9287	1
9293	1
9296	1
9322	1
9329	1
9335	1
9338	1
9343	1
9345	2
9346	1
9359	1
9363	1
9366	2
9368	1
9379	1
9389	1
9407	1
9411	1
9414	1
9418	1
9419	1
9440	2
9441	1
9442	1
9454	1
9456	1
9470	1
9487	1
9498	1
9507	1
9514	1
9523	1
9536	1
9540	1
9550	1
9556	1
9561	1
9574	1
9575	2
9578	1
9594	1
9600	1
9605	1
9631	1
9634	1
9648	1
9649	2
9651	1
9657	1
9658	1
9664	1
9669	1
9683	1
9684	1
9688	1
9700	1
9705	1
9754	1
9758	1
9761	1
9790	1
9791	1
9799	1
9819	1
9822	1
9828	1
9835	1
9852	1
9855	2
9856	1
9858	1
9872	1
9874	1
9895	1
9907	1
9923	1
9936	1
9939	1
9945	2
9956	1
9960	1
9961	1
9965	1
9968	1
9972	1
9989	1
9996	1
10014	1
10020	1
10024	1
10034	1
10040	1
10041	1
10048	1
10058	1
10061	1
10069	1
10070	1
10082	1
10088	1
10096	1
10112	1
10120	1
10122	1
10127	1
10128	1
10143	1
10149	1
10177	1
10187	1
10193	1
10203	1
10236	1
10266	1
10284	1
10292	1
10303	1
10310	1
10312	2
10326	1
10329	1
10340	1
10349	1
10358	1
10370	1
10398	1
10400	1
10411	1
10412	1
10419	1
10422	1
10429	1
10434	1
10441	2
10450	1
10457	1
10462	1
10466	1
10482	1
10483	1
10495	1
10496	1
10501	1
10507	1
10512	1
10522	1
10531	1
10562	1
10567	1
10596	1
10606	1
10613	1
10624	1
10627	1
10638	1
10642	1
10648	1
10669	1
10672	1
10682	1
10696	1
10728	1
10729	1
10740	1
10748	1
10760	1
10768	1
10784	1
10785	1
10799	2
10808	2
10817	1
10832	1
10835	1
10847	1
10848	1
10850	1
10852	1
10855	1
10862	1
10866	1
10878	1
10882	2
10900	1
10904	1
10909	1
10920	1
10935	1
10937	1
10953	1
10962	1
10968	1
10970	1
10971	1
10973	1
10984	1
10990	1
11006	1
11026	1
11037	1
11054	1
11055	1
11057	1
11062	1
11073	1
11085	1
11104	1
11127	1
11130	1
11140	1
11150	1
11157	1
11161	1
11191	1
11199	1
11257	1
11268	1
11287	1
11305	1
11311	1
11329	1
11333	1
11338	1
11349	1
11355	1
11364	1
11387	1
11400	1
11404	1
11406	1
11411	1
11425	1
11427	1
11438	1
11462	1
11491	1
11492	1
11501	1
11513	1
11514	1
11537	1
11554	1
11559	1
11560	1
11562	1
11577	1
11583	1
11587	1
11594	1
11596	1
11604	1
11609	1
11612	1
11619	2
11630	1
11637	1
11685	1
11686	1
11717	1
11744	1
11765	1
11771	1
11814	1
11822	1
11859	1
11862	1
11885	1
11896	1
11901	1
11911	1
11920	1
11924	2
11946	1
11957	1
11967	1
12016	1
12018	1
12088	1
12101	1
12111	1
12147	2
12156	1
12163	1
12181	1
12184	1
12190	1
12191	1
12206	1
12217	2
12220	1
12252	1
12276	1
12280	1
12281	1
12283	1
12284	1
12295	1
12324	1
12335	1
12345	1
12380	1
12385	1
12387	1
12391	2
12404	1
12407	1
12412	1
12430	1
12435	1
12455	1
12468	1
12470	1
12490	1
12500	1
12507	1
12514	1
12515	1
12531	1
12550	1
12552	1
12581	1
12616	1
12636	1
12650	1
12656	1
12658	2
12669	1
12692	2
12697	1
12700	1
12704	1
12706	1
12716	1
12717	1
12731	1
12750	1
12754	1
12757	1
12765	1
12954	1
12969	1
12987	1
13021	1
13029	1
13031	1
13061	1
13071	1
13098	1
13115	1
13117	1
13120	1
13144	2
13206	1
13208	1
13234	1
13247	1
13260	1
13269	1
13287	1
13292	1
13302	1
13326	1
13327	1
13346	1
13358	1
13374	1
13394	1
13407	1
13419	2
13420	1
13431	1
13432	1
13438	1
13444	1
13488	1
13489	1
13490	1
13491	2
13492	1
13529	1
13531	1
13533	1
13536	1
13545	1
13549	1
13583	1
13588	1
13610	1
13630	1
13646	1
13673	1
13687	1
13749	1
13752	1
13754	1
13766	1
13774	1
13827	1
13842	1
13848	1
13851	1
13885	1
13902	1
13910	1
13915	1
13943	1
13954	1
13959	1
13968	1
13993	1
14047	1
14058	1
14059	1
14068	1
14088	1
14104	1
14149	1
14181	1
14185	2
14191	1
14192	1
14229	1
14241	1
14251	1
14266	1
14278	1
14296	1
14350	1
14369	1
14385	1
14397	1
14402	1
14419	1
14431	1
14434	1
14438	1
14464	1
14467	1
14493	1
14501	1
14504	1
14506	1
14508	1
14520	1
14559	1
14568	1
14571	1
14587	1
14616	1
14623	1
14663	1
14683	2
14687	1
14732	1
14734	1
14759	1
14763	1
14773	1
14782	1
14834	1
14858	1
14897	2
14916	1
14925	1
14926	1
14946	1
14958	1
14982	1
14987	1
14999	1
15010	1
15026	2
15029	1
15034	1
15047	1
15048	1
15059	1
15067	1
15111	1
15134	1
15148	1
15158	1
15166	1
15184	1
15210	1
15233	1
15296	1
15300	1
15323	1
15371	1
15447	1
15457	1
15465	1
15492	1
15532	1
15539	1
15561	1
15565	1
15570	1
15579	1
15582	1
15610	1
15620	1
15631	1
15633	1
15636	1
15650	2
15663	1
15677	1
15719	1
15774	1
15775	2
15834	1
15845	1
15877	1
15880	1
15888	1
15897	1
15908	1
15976	1
15994	1
16056	1
16067	1
16069	1
16086	1
16141	1
16266	1
16267	1
16271	1
16272	1
16289	1
16298	1
16299	1
16333	1
16424	1
16458	1
16484	1
16570	1
16578	1
16581	1
16610	1
16622	1
16669	1
16715	1
16737	1
16764	1
16775	1
16807	1
16816	2
16873	1
16874	1
16894	1
16950	1
16961	1
16995	1
17018	1
17057	1
17096	1
17119	1
17134	1
17250	2
17255	1
17270	1
17285	1
17318	1
17332	2
17365	1
17372	1
17392	1
17403	1
17438	1
17445	1
17452	1
17463	1
17503	1
17518	1
17533	1
17544	1
17590	1
17614	1
17657	1
17662	1
17728	1
17792	1
17802	1
17836	1
17840	1
17845	1
17877	1
17896	1
17907	1
17928	1
17980	2
18004	1
18012	1
18013	1
18025	1
18033	1
18040	1
18062	1
18074	1
18075	1
18081	1
18102	1
18164	1
18167	1
18171	1
18175	1
18183	1
18191	1
18281	1
18331	1
18332	1
18455	1
18543	1
18668	1
18689	1
18739	1
18762	1
18785	1
18833	1
18904	1
18918	1
18933	1
18944	1
18964	1
19013	1
19019	1
19024	1
19030	1
19055	1
19070	1
19083	1
19118	1
19127	1
19132	1
19235	1
19252	1
19255	1
19261	1
19311	1
19338	1
19357	1
19398	1
19404	1
19421	1
19456	1
19544	1
19553	1
19599	1
19604	1
19770	1
19816	1
19878	1
19884	1
19937	1
20090	1
20099	1
20282	1
20305	1
20364	1
20415	1
20420	1
20426	1
20483	1
20485	1
20486	1
20577	1
20586	1
20617	1
20682	1
20708	1
20729	1
20742	1
20849	1
20977	1
20994	1
21005	1
21012	1
21056	1
21089	1
21157	1
21248	1
21259	1
21262	1
21285	1
21323	1
21416	1
21509	1
21569	1
21577	1
21579	1
21675	1
21726	1
21744	1
21859	1
21893	1
21900	1
21950	1
21953	1
21979	1
22059	1
22067	1
22099	1
22135	1
22162	1
22185	1
22190	1
22224	1
22313	1
22337	1
22344	1
22444	1
22462	1
22482	1
22507	1
22545	1
22549	1
22562	1
22584	1
22630	1
22636	1
22654	1
22672	1
22725	1
22749	1
22755	1
23053	1
23054	1
23102	1
23107	1
23133	1
23172	1
23332	1
23354	1
23500	1
23739	1
23845	1
23877	1
23880	1
23918	1
23986	1
24061	1
24110	1
24189	1
24203	1
24240	1
24279	1
24338	1
24343	1
24347	1
24372	1
24376	1
24404	1
24453	1
24482	1
24495	1
24530	1
24591	1
24684	1
24710	1
24770	1
24885	1
24933	1
24936	1
24962	1
25022	1
25082	1
25091	1
25187	1
25227	1
25443	1
25510	1
25604	1
25662	1
25769	1
25800	1
25845	1
25867	1
25956	1
26128	1
26130	1
26239	1
26319	1
26361	1
26488	1
26491	1
26510	1
26531	1
26693	1
26753	1
26766	1
26845	1
26877	1
26884	1
27165	1
27284	1
27316	1
27342	1
27423	1
27429	1
27519	1
27557	1
27687	1
27695	1
27984	1
28048	1
28069	1
28133	1
28143	1
28177	1
28247	1
28254	1
28314	1
28361	1
28366	1
28428	1
28451	1
28546	1
28585	1
28589	1
28593	1
28706	1
28800	1
28878	1
28919	1
28936	1
28967	1
29119	1
29127	1
29335	1
29416	1
29423	1
29443	1
29500	1
29540	1
29559	1
29611	1
29663	1
29715	1
29835	1
29944	1
30066	1
30183	1
30191	1
30253	1
30258	1
30357	1
30778	1
30784	1
30853	1
30863	1
30938	1
30951	1
31025	1
31058	1
31161	1
31220	1
31237	1
31285	1
31353	1
31389	1
31484	1
31544	1
31767	1
31775	1
31870	1
31888	1
32021	1
32201	1
32336	1
32678	1
32873	1
33163	1
33208	1
33272	1
33403	1
33492	1
33506	1
33562	1
33574	1
33610	1
33761	1
33824	1
33907	1
33942	1
34057	1
34159	1
34181	1
34276	1
34433	1
34492	1
34726	1
35046	1
35119	1
35146	1
35293	1
35475	1
35520	1
35528	1
35543	1
35637	1
35750	1
35762	1
35821	1
35830	1
35926	1
35987	1
36016	1
36057	1
36253	1
36268	1
36407	1
36449	1
36554	1
36572	1
37178	1
37601	1
37719	1
37746	1
37833	1
37855	1
37906	1
38318	1
38428	1
38670	1
38800	1
38918	1
39047	2
39095	1
39137	1
39264	1
39328	1
39423	1
39600	1
40071	1
40479	1
40610	1
40674	1
41010	1
41249	1
41574	1
41587	1
41717	1
41979	1
42028	1
42180	1
42189	1
42290	1
42368	1
42696	1
42910	1
42923	1
42930	1
43466	1
44299	1
44617	1
44702	1
44922	1
45273	1
45354	1
45774	1
46376	1
46559	1
46698	1
46913	1
47021	1
47023	1
47264	1
47311	1
47361	1
47382	1
49263	1
49452	1
49750	1
49878	1
50144	1
50356	1
50469	1
50538	1
50827	1
51050	1
52094	1
52452	1
52785	1
52858	1
53315	1
53350	1
53874	1
54922	1
55075	1
55530	1
56663	1
57082	1
57718	1
58736	1
58933	1
59081	1
59143	1
59851	1
60041	1
60492	1
61120	1
61326	1
62121	1
64611	1
65145	1
65848	1
67834	1
68827	1
69947	1
71426	1
72742	1
73844	1
73943	1
74411	1
75543	1
75544	1
76319	1
76627	1
79915	1
81969	1
84451	1
84593	1
84752	1
86204	1
88685	1
89874	1
89954	1
93602	1
95717	1
96304	1
97505	1
98435	1
100000	92
