#Depth	Count
1	2108908860
2	222883886
3	82412960
4	48371070
5	31418001
6	22242220
7	16358261
8	12430581
9	9642776
10	7641533
11	6182580
12	5087255
13	4267137
14	3651858
15	3174278
16	2804134
17	2510403
18	2266204
19	2061781
20	1886789
21	1736650
22	1602132
23	1489943
24	1384714
25	1293100
26	1211958
27	1141013
28	1077164
29	1015671
30	966538
31	915576
32	869291
33	823481
34	779264
35	738659
36	699923
37	662877
38	624272
39	588085
40	553321
41	522341
42	489261
43	458879
44	430132
45	401975
46	377885
47	354542
48	331376
49	308963
50	291132
51	273264
52	256350
53	242592
54	228815
55	217527
56	207459
57	197314
58	188618
59	179901
60	173456
61	166879
62	161471
63	155733
64	150792
65	144955
66	140204
67	136638
68	133571
69	129196
70	126010
71	122764
72	119645
73	116854
74	114153
75	111480
76	108816
77	106753
78	104470
79	101206
80	99192
81	95900
82	93440
83	91859
84	89418
85	85910
86	84576
87	81544
88	79733
89	77691
90	75912
91	73760
92	71025
93	69494
94	67729
95	65443
96	64165
97	62379
98	60305
99	58792
100	56931
101	55511
102	53707
103	52003
104	50738
105	49211
106	47938
107	46974
108	45679
109	44506
110	43731
111	42864
112	42596
113	41911
114	41078
115	40563
116	39613
117	38920
118	38450
119	38243
120	37754
121	37169
122	36754
123	36529
124	36283
125	36267
126	36219
127	36441
128	35958
129	35625
130	35761
131	35846
132	35853
133	36113
134	36090
135	35711
136	36229
137	36043
138	35988
139	35923
140	36538
141	36420
142	36348
143	36448
144	36294
145	36892
146	36736
147	36581
148	37058
149	36769
150	37367
151	37360
152	37815
153	37600
154	37856
155	38076
156	37903
157	37706
158	37881
159	38072
160	38474
161	38690
162	38743
163	38610
164	39071
165	39062
166	39083
167	38634
168	39055
169	38831
170	38637
171	38565
172	38185
173	38788
174	38620
175	38497
176	38297
177	38097
178	37663
179	38113
180	37148
181	37513
182	37197
183	37119
184	36720
185	36520
186	36341
187	35939
188	35547
189	34873
190	34413
191	33925
192	33304
193	32970
194	32520
195	31766
196	31205
197	30706
198	29960
199	29396
200	28731
201	27926
202	27232
203	26602
204	25816
205	25052
206	23991
207	23745
208	22974
209	22018
210	21282
211	20633
212	20214
213	19321
214	18558
215	17727
216	17116
217	16354
218	15937
219	15065
220	14361
221	13946
222	12980
223	12651
224	11862
225	11530
226	10861
227	10321
228	9761
229	9293
230	8868
231	8416
232	8023
233	7646
234	7024
235	6835
236	6549
237	6121
238	5754
239	5382
240	5104
241	4881
242	4663
243	4421
244	4080
245	3910
246	3726
247	3522
248	3407
249	3267
250	2972
251	2859
252	2656
253	2520
254	2422
255	2287
256	2233
257	2055
258	2067
259	1858
260	1890
261	1748
262	1653
263	1620
264	1616
265	1486
266	1391
267	1380
268	1354
269	1354
270	1384
271	1364
272	1248
273	1265
274	1152
275	1189
276	1126
277	1041
278	1034
279	1055
280	1070
281	1130
282	999
283	955
284	955
285	934
286	953
287	926
288	952
289	886
290	904
291	885
292	898
293	878
294	801
295	830
296	764
297	812
298	795
299	779
300	838
301	744
302	823
303	778
304	778
305	790
306	788
307	768
308	707
309	835
310	768
311	734
312	727
313	749
314	779
315	748
316	784
317	705
318	701
319	722
320	654
321	665
322	654
323	702
324	666
325	653
326	642
327	648
328	687
329	638
330	671
331	596
332	597
333	621
334	617
335	573
336	586
337	588
338	591
339	606
340	584
341	597
342	546
343	549
344	619
345	588
346	554
347	532
348	538
349	557
350	584
351	552
352	551
353	505
354	568
355	545
356	573
357	513
358	498
359	503
360	515
361	526
362	509
363	507
364	508
365	510
366	525
367	507
368	473
369	495
370	512
371	483
372	498
373	515
374	516
375	456
376	457
377	463
378	472
379	457
380	454
381	476
382	480
383	419
384	435
385	436
386	403
387	427
388	435
389	402
390	420
391	462
392	387
393	399
394	390
395	370
396	409
397	384
398	384
399	380
400	370
401	367
402	371
403	381
404	395
405	361
406	359
407	392
408	332
409	349
410	337
411	343
412	318
413	330
414	304
415	308
416	366
417	276
418	325
419	299
420	273
421	282
422	301
423	296
424	254
425	293
426	275
427	295
428	263
429	285
430	265
431	271
432	282
433	262
434	272
435	253
436	268
437	220
438	234
439	238
440	240
441	230
442	214
443	192
444	203
445	197
446	201
447	203
448	195
449	188
450	188
451	204
452	199
453	201
454	184
455	190
456	165
457	167
458	178
459	184
460	158
461	167
462	151
463	168
464	168
465	169
466	166
467	150
468	144
469	156
470	140
471	145
472	186
473	126
474	157
475	157
476	150
477	130
478	162
479	135
480	127
481	126
482	116
483	101
484	130
485	110
486	122
487	109
488	95
489	106
490	101
491	111
492	105
493	100
494	111
495	92
496	98
497	95
498	92
499	110
500	91
501	76
502	67
503	64
504	84
505	71
506	75
507	69
508	54
509	48
510	59
511	70
512	55
513	63
514	46
515	47
516	64
517	64
518	49
519	47
520	48
521	60
522	59
523	46
524	46
525	52
526	60
527	52
528	41
529	49
530	43
531	40
532	28
533	58
534	52
535	40
536	47
537	35
538	22
539	61
540	39
541	32
542	26
543	39
544	32
545	26
546	30
547	21
548	32
549	40
550	28
551	21
552	40
553	38
554	26
555	20
556	34
557	33
558	24
559	37
560	32
561	24
562	32
563	31
564	25
565	20
566	31
567	38
568	31
569	24
570	22
571	27
572	20
573	33
574	21
575	30
576	21
577	19
578	22
579	26
580	23
581	17
582	22
583	23
584	19
585	13
586	13
587	14
588	16
589	19
590	15
591	17
592	20
593	18
594	22
595	16
596	22
597	16
598	14
599	24
600	13
601	16
602	17
603	15
604	16
605	17
606	7
607	14
608	25
609	22
610	16
611	16
612	18
613	18
614	18
615	11
616	19
617	15
618	16
619	25
620	13
621	15
622	11
623	16
624	11
625	18
626	13
627	16
628	16
629	17
630	18
631	17
632	11
633	14
634	12
635	18
636	12
637	24
638	9
639	8
640	11
641	8
642	16
643	17
644	12
645	14
646	12
647	17
648	16
649	11
650	12
651	16
652	17
653	13
654	12
655	13
656	15
657	14
658	14
659	13
660	14
661	14
662	8
663	11
664	9
665	13
666	11
667	16
668	4
669	7
670	7
671	13
672	9
673	11
674	12
675	7
676	11
677	11
678	16
679	15
680	7
681	10
682	12
683	11
684	11
685	13
686	11
687	4
688	15
689	8
690	14
691	8
692	7
693	11
694	11
695	12
696	12
697	5
698	5
699	8
700	10
701	8
702	12
703	9
704	8
705	8
706	2
707	9
708	10
709	6
710	6
711	9
712	1
713	7
714	9
715	3
716	8
717	6
718	7
719	14
720	10
721	13
722	4
723	7
724	16
725	10
726	8
727	6
728	5
729	13
730	12
731	9
732	11
733	5
734	13
735	12
736	8
737	10
738	9
739	8
740	9
741	7
742	9
743	12
744	11
745	15
746	11
747	13
748	6
749	8
750	4
751	10
752	6
753	8
754	8
755	9
756	5
757	12
758	3
759	15
760	7
761	11
762	15
763	7
764	9
765	9
766	11
767	6
768	13
769	12
770	14
771	12
772	7
773	11
774	17
775	10
776	10
777	12
778	7
779	8
780	11
781	11
782	14
783	11
784	13
785	8
786	11
787	15
788	10
789	8
790	9
791	11
792	8
793	9
794	8
795	7
796	6
797	8
798	8
799	8
800	17
801	7
802	8
803	5
804	9
805	7
806	6
807	5
808	10
809	12
810	3
811	11
812	13
813	5
814	8
815	14
816	11
817	8
818	10
819	17
820	13
821	11
822	14
823	6
824	7
825	2
826	8
827	11
828	7
829	7
830	7
831	7
832	8
833	10
834	17
835	8
836	13
837	7
838	8
839	4
840	7
841	7
842	8
843	5
844	3
845	5
846	18
847	13
848	14
849	6
850	10
851	8
852	9
853	2
854	11
855	4
856	10
857	8
858	10
859	3
860	9
861	8
862	6
863	4
864	5
865	10
866	15
867	10
868	10
869	10
870	8
871	9
872	13
873	8
874	5
875	11
876	8
877	13
878	11
879	7
880	12
881	14
882	8
883	4
884	6
885	6
886	6
887	9
888	10
889	12
890	11
891	3
892	5
893	7
894	6
895	6
896	6
897	8
898	6
899	6
900	3
901	5
902	3
903	3
904	4
905	3
906	7
907	6
908	5
909	4
910	6
911	10
912	4
913	3
914	4
915	4
916	1
917	3
918	2
919	7
920	3
921	8
922	4
923	2
924	9
925	3
926	7
927	3
929	2
930	3
931	6
932	4
933	4
934	5
935	7
936	6
937	5
938	6
939	3
940	3
941	8
942	6
943	3
944	4
945	3
947	4
948	4
949	2
950	8
951	3
952	4
953	4
954	3
955	4
956	1
957	6
958	8
959	6
960	4
961	4
962	2
963	3
964	3
965	4
966	3
967	2
968	6
969	7
970	4
971	5
972	4
973	2
974	2
975	4
976	7
977	6
978	8
979	2
980	4
981	3
982	4
983	7
984	5
985	5
986	2
987	2
988	3
989	6
990	7
991	5
992	9
993	6
994	5
995	6
996	6
997	4
998	3
999	8
1000	8
1001	7
1002	3
1003	8
1004	4
1005	6
1006	3
1007	2
1008	3
1009	2
1010	5
1011	4
1012	4
1013	7
1014	7
1015	13
1016	1
1017	6
1018	6
1019	6
1020	4
1021	2
1022	6
1023	1
1024	9
1025	3
1026	3
1027	3
1028	8
1029	6
1030	7
1031	5
1032	6
1033	6
1034	8
1035	10
1036	5
1037	13
1038	5
1039	8
1040	11
1041	10
1042	3
1043	6
1044	8
1045	9
1046	4
1047	5
1048	7
1049	12
1050	7
1051	7
1052	7
1053	8
1054	4
1055	5
1056	4
1057	4
1058	8
1059	5
1060	6
1061	6
1062	7
1063	6
1064	9
1065	6
1066	4
1067	5
1068	6
1069	7
1070	5
1071	3
1072	3
1073	5
1074	5
1075	5
1076	4
1077	6
1078	1
1079	1
1080	2
1081	5
1082	3
1083	2
1084	3
1085	3
1086	4
1087	4
1088	3
1089	7
1090	2
1091	3
1092	4
1093	4
1095	3
1096	8
1097	2
1098	5
1099	2
1100	3
1101	4
1102	5
1103	2
1104	9
1105	8
1106	2
1107	2
1108	3
1109	5
1110	2
1112	4
1113	3
1114	2
1115	4
1116	3
1117	1
1119	6
1120	1
1122	3
1123	2
1124	2
1125	3
1126	2
1127	3
1128	2
1129	5
1130	4
1131	6
1132	5
1133	4
1134	1
1135	2
1136	3
1137	5
1138	7
1139	3
1140	2
1141	7
1142	3
1143	2
1144	2
1145	5
1146	3
1147	4
1148	6
1149	3
1150	5
1151	4
1152	7
1153	4
1154	5
1155	7
1156	7
1157	3
1158	3
1159	3
1160	2
1161	2
1162	2
1163	1
1164	2
1165	2
1167	1
1168	1
1170	1
1171	1
1173	1
1174	1
1175	2
1176	1
1177	3
1179	2
1180	2
1181	3
1182	2
1183	3
1184	4
1185	2
1186	7
1187	4
1188	2
1189	2
1190	4
1191	4
1192	1
1193	2
1194	2
1195	2
1196	2
1197	1
1198	4
1199	2
1202	5
1203	4
1204	2
1205	3
1206	4
1207	2
1208	3
1209	2
1210	1
1211	1
1212	3
1213	2
1214	3
1215	1
1216	6
1217	2
1218	2
1219	3
1220	1
1221	2
1222	2
1223	3
1224	1
1225	2
1226	2
1227	5
1228	3
1229	7
1230	3
1231	1
1232	1
1233	4
1234	3
1235	2
1236	2
1237	2
1238	2
1239	3
1240	2
1241	3
1243	3
1244	2
1245	2
1246	4
1247	2
1248	1
1249	2
1250	1
1251	1
1253	2
1255	1
1257	4
1258	1
1259	1
1260	1
1261	3
1262	1
1263	1
1264	3
1265	3
1266	2
1268	5
1269	3
1271	1
1273	1
1274	1
1277	2
1278	1
1279	1
1282	2
1284	2
1285	1
1291	1
1293	1
1296	1
1297	1
1298	1
1299	1
1301	2
1302	2
1303	1
1304	2
1306	2
1307	2
1310	1
1313	3
1314	1
1316	1
1318	1
1320	1
1326	1
1328	1
1330	1
1331	1
1333	1
1335	3
1336	1
1338	1
1340	2
1341	1
1342	1
1344	3
1346	1
1349	2
1350	1
1351	4
1352	1
1354	1
1355	3
1356	2
1357	1
1359	1
1360	2
1361	6
1362	1
1363	1
1365	2
1366	1
1367	3
1370	1
1371	2
1372	2
1373	1
1374	2
1375	1
1376	2
1377	2
1380	2
1381	2
1383	2
1386	2
1388	3
1389	1
1390	4
1391	1
1392	1
1393	2
1395	1
1396	2
1397	1
1398	1
1400	3
1401	1
1402	2
1403	1
1406	2
1409	1
1414	1
1415	1
1417	3
1421	1
1426	1
1429	2
1431	2
1432	1
1433	1
1434	1
1437	3
1438	3
1439	3
1443	2
1444	1
1448	1
1449	1
1452	1
1454	1
1456	1
1457	2
1460	1
1462	1
1463	1
1464	1
1467	1
1471	2
1472	1
1473	1
1474	1
1475	1
1478	1
1480	1
1481	1
1483	1
1488	1
1489	1
1490	2
1491	1
1494	1
1495	1
1496	2
1498	1
1500	1
1501	1
1505	1
1509	1
1510	2
1512	2
1514	1
1516	1
1520	1
1521	2
1522	1
1523	1
1531	1
1532	1
1534	2
1535	1
1538	2
1540	1
1548	1
1550	1
1558	2
1562	1
1566	1
1570	1
1572	1
1573	1
1574	1
1575	1
1578	1
1579	3
1582	1
1588	1
1589	1
1591	1
1593	1
1594	1
1595	1
1596	1
1600	1
1601	1
1602	1
1604	1
1606	1
1607	1
1609	1
1611	1
1615	1
1617	1
1618	1
1623	1
1632	1
1633	1
1634	1
1635	1
1643	1
1647	1
1653	1
1657	3
1660	1
1662	1
1665	1
1667	1
1668	1
1673	1
1678	3
1679	1
1680	2
1683	1
1684	1
1686	1
1692	1
1693	1
1696	3
1701	1
1702	1
1703	1
1704	1
1706	2
1707	1
1711	2
1712	2
1713	1
1716	1
1720	1
1723	1
1724	1
1727	1
1739	1
1741	1
1753	2
1766	1
1767	1
1770	1
1771	1
1772	1
1775	1
1779	1
1783	1
1785	1
1790	1
1794	1
1814	1
1819	1
1822	1
1832	2
1834	2
1848	1
1849	1
1852	1
1854	2
1855	1
1856	1
1862	1
1863	2
1864	1
1866	2
1873	1
1874	1
1878	1
1880	1
1881	1
1884	1
1890	1
1894	1
1895	1
1898	1
1900	1
1901	2
1903	2
1913	1
1917	1
1924	1
1929	1
1939	1
1940	1
1946	1
1947	1
1948	1
1951	1
1980	1
1982	2
1984	1
1985	1
1988	1
1989	1
2000	1
2006	1
2017	1
2018	1
2022	1
2023	2
2025	1
2027	1
2028	1
2030	1
2031	1
2032	2
2034	1
2036	1
2037	1
2040	1
2043	2
2049	1
2054	1
2056	1
2059	1
2061	1
2064	1
2067	1
2068	1
2072	1
2081	1
2082	1
2083	1
2091	1
2092	1
2093	1
2096	1
2101	2
2102	1
2112	1
2115	1
2117	1
2118	1
2127	1
2138	1
2139	1
2145	1
2146	1
2149	1
2151	1
2153	2
2161	1
2171	1
2175	1
2181	1
2183	1
2185	1
2186	1
2191	2
2210	1
2215	1
2216	1
2223	1
2225	2
2226	1
2259	1
2264	1
2272	1
2277	1
2281	1
2286	1
2309	1
2352	1
2378	1
2389	2
2392	1
2394	1
2397	1
2406	1
2408	1
2419	2
2421	1
2425	1
2452	2
2458	1
2467	1
2468	1
2476	1
2480	1
2515	2
2524	1
2542	1
2544	1
2547	1
2554	1
2557	1
2565	1
2611	1
2631	1
2665	1
2670	1
2682	1
2708	1
2728	1
2776	1
2782	1
2791	1
2795	1
2803	1
2808	1
2820	1
2823	1
2825	1
2836	1
2840	1
2846	1
2867	1
2877	1
2886	2
2887	1
2893	1
2895	2
2905	1
2914	1
2927	1
2934	1
2947	1
2949	1
2951	1
2964	1
2972	1
2979	1
2982	1
2988	1
2995	1
3004	1
3025	1
3035	1
3099	1
3174	1
3207	1
3210	1
3237	1
3240	1
3246	1
3249	1
3259	2
3261	1
3301	1
3329	1
3362	1
3383	1
3384	1
3455	1
3463	1
3504	1
3508	1
3575	1
3580	1
3609	1
3624	1
3625	1
3643	1
3645	1
3653	1
3660	1
3737	1
3817	1
3920	1
3963	1
3983	1
3995	1
4006	1
4047	1
4195	1
4215	1
4229	1
4234	1
4330	1
4331	1
4358	1
4374	1
4379	1
4401	1
4449	1
4505	1
4562	1
4723	1
4724	1
4854	1
4929	1
4991	1
5009	1
5025	1
5095	1
5108	1
5120	1
5234	1
5258	1
5261	1
5292	1
5311	1
5314	1
5355	1
5379	1
5383	1
5385	1
5653	1
5670	1
5673	1
5725	1
5879	1
5885	1
5913	1
5964	1
6000	1
6096	1
6805	1
6891	1
7017	1
7216	1
7431	1
7523	1
7590	1
7614	1
7834	1
8051	1
8575	1
8711	1
8726	1
8754	1
8841	1
8848	1
8910	1
9157	1
9161	1
9166	1
9167	1
9168	1
9169	1
9186	1
9193	1
9221	1
9234	1
9236	1
9269	1
9291	1
9292	1
9360	1
9365	1
9372	2
9405	1
9419	2
9443	2
9462	1
9471	1
9501	1
9516	1
9544	1
9567	1
9579	1
9609	1
9643	1
9684	1
9789	1
9860	1
10286	1
10296	1
10398	1
10534	1
10586	1
10611	1
10660	1
10697	1
10781	1
10868	1
10907	1
10928	1
11291	1
11331	1
11356	1
11359	1
11368	1
11379	1
11381	1
11395	1
11407	1
11409	1
11436	1
11437	1
11456	1
11478	1
11484	1
11489	1
11509	1
11513	1
11540	1
11548	1
11609	1
11632	1
11666	1
11670	1
11674	1
11708	1
11739	1
11743	1
11773	1
11826	1
11831	1
11857	1
11917	1
11954	1
11957	1
12023	1
12048	1
12316	1
12455	1
12540	1
12571	1
12590	1
12620	1
12649	1
12661	1
12694	1
12740	1
12765	1
12809	1
12833	1
12835	1
12838	1
12976	1
13183	1
13201	1
13274	1
13288	1
13303	1
13307	1
13319	1
13410	1
13428	1
13432	1
13438	1
13453	1
13475	1
13516	1
13532	1
13537	1
13545	1
13588	1
13596	1
13661	1
13669	1
13670	1
13674	1
13685	1
13704	1
13705	1
13724	1
13748	1
13764	1
13797	1
13885	1
13895	1
13932	1
13934	1
13962	1
13967	1
13980	1
13987	1
14004	1
14007	1
14020	1
14081	1
14101	1
14130	1
14141	1
14259	1
14300	1
14405	1
14427	1
14448	1
14470	1
14480	1
14491	1
14508	1
14524	1
14533	1
14561	1
14570	2
14592	1
14595	2
14602	1
14607	1
14613	1
14628	1
14645	1
14646	1
14647	1
14663	1
14714	1
14724	1
14749	1
14751	1
14763	1
14772	1
14773	1
14792	1
14805	1
14815	1
14824	1
14831	1
14840	1
14841	1
14882	1
14901	1
14903	1
14923	1
14955	1
14963	1
14969	1
14975	1
14984	1
14999	1
15001	1
15005	1
15021	1
15025	2
15027	2
15042	1
15052	1
15059	1
15066	1
15077	1
15103	1
15105	1
15120	2
15130	1
15131	1
15138	1
15143	1
15144	1
15150	1
15170	2
15172	1
15178	1
15186	1
15189	1
15190	1
15201	1
15202	2
15205	2
15216	2
15227	1
15228	1
15230	1
15233	1
15235	1
15238	1
15254	1
15257	1
15262	1
15263	1
15264	1
15267	1
15274	1
15279	1
15282	1
15293	1
15302	1
15306	1
15309	1
15311	1
15317	1
15318	1
15319	1
15326	1
15345	1
15353	2
15354	1
15361	1
15368	1
15371	1
15379	2
15386	1
15390	1
15402	1
15405	1
15430	1
15436	1
15439	1
15447	1
15461	1
15463	1
15469	1
15473	1
15485	1
15501	1
15511	1
15527	1
15533	1
15542	1
15543	1
15548	1
15563	1
15567	1
15580	1
15589	1
15595	2
15611	1
15612	1
15613	1
15627	1
15638	1
15644	1
15657	1
15664	1
15667	1
15668	1
15685	1
15691	1
15695	1
15701	1
15703	1
15705	1
15722	1
15730	1
15748	1
15752	1
15758	1
15761	1
15763	1
15764	2
15787	1
15788	1
15812	1
15837	1
15856	1
15880	1
15884	1
15904	1
15909	1
15926	1
15930	1
15942	1
15947	1
15949	1
15974	1
15978	1
15988	1
16006	1
16016	2
16044	1
16051	1
16063	1
16068	1
16074	1
16075	1
16091	1
16100	2
16103	1
16108	1
16112	1
16116	1
16117	1
16119	1
16121	1
16136	1
16141	1
16147	1
16148	1
16149	1
16154	1
16157	1
16158	1
16175	1
16188	1
16191	1
16212	1
16215	1
16220	1
16229	1
16230	1
16232	1
16236	1
16237	1
16245	1
16261	1
16274	1
16296	1
16300	1
16303	1
16305	1
16308	1
16328	1
16331	1
16349	1
16354	1
16360	1
16371	1
16379	1
16388	2
16392	1
16396	1
16397	1
16405	1
16406	1
16412	1
16417	1
16418	1
16426	1
16430	1
16436	1
16443	1
16449	1
16450	2
16455	1
16456	1
16457	1
16469	1
16474	1
16483	1
16493	1
16507	1
16509	1
16529	1
16532	1
16553	1
16558	1
16561	1
16572	1
16597	1
16608	1
16609	1
16611	2
16613	1
16632	1
16639	1
16645	2
16650	2
16653	1
16655	1
16662	2
16663	1
16669	1
16672	1
16673	1
16677	1
16680	1
16683	1
16685	1
16691	1
16704	1
16705	1
16709	1
16711	1
16713	1
16718	1
16719	1
16720	2
16724	1
16725	1
16732	1
16741	1
16752	1
16753	1
16763	1
16766	1
16777	1
16778	1
16788	1
16789	1
16804	1
16816	1
16820	1
16826	1
16828	1
16830	1
16840	1
16843	2
16848	1
16857	1
16858	1
16896	1
16901	1
16902	1
16903	1
16915	1
16916	1
16922	1
16936	1
16941	1
16947	1
16952	1
16954	1
16957	1
16964	1
16976	2
16977	1
16984	1
16993	1
16995	1
17001	1
17006	1
17007	1
17010	1
17016	1
17032	1
17034	1
17048	1
17052	1
17069	1
17071	1
17076	1
17083	1
17085	2
17089	1
17107	1
17112	1
17117	2
17119	1
17127	1
17128	1
17136	2
17138	1
17143	1
17144	1
17145	1
17157	2
17162	1
17168	1
17174	1
17183	1
17196	1
17200	1
17204	1
17211	1
17223	1
17226	2
17243	1
17245	1
17247	1
17256	1
17266	1
17268	1
17271	1
17277	1
17283	1
17285	2
17287	1
17290	1
17298	1
17300	1
17311	1
17312	1
17325	1
17333	1
17337	1
17340	1
17344	1
17346	1
17351	1
17353	1
17356	1
17367	1
17371	2
17377	1
17381	2
17385	1
17392	1
17411	1
17415	1
17418	1
17429	1
17434	1
17448	1
17456	1
17459	1
17467	1
17473	1
17476	2
17484	1
17490	1
17500	1
17501	1
17503	2
17512	1
17513	1
17515	1
17516	1
17517	1
17520	1
17521	2
17525	1
17531	1
17549	1
17559	2
17569	2
17571	1
17574	1
17575	1
17580	1
17582	2
17583	1
17584	2
17585	1
17586	3
17587	1
17592	1
17598	1
17611	1
17618	1
17620	1
17621	1
17624	1
17645	1
17652	1
17654	1
17657	1
17660	1
17662	1
17678	1
17680	1
17692	1
17703	1
17710	1
17718	1
17721	1
17728	2
17741	1
17743	1
17751	1
17762	1
17767	1
17768	1
17775	2
17776	3
17777	1
17783	1
17798	1
17800	2
17803	1
17815	1
17816	1
17818	1
17822	1
17826	1
17828	1
17832	2
17840	1
17844	1
17849	1
17850	1
17852	1
17853	1
17855	1
17861	1
17871	1
17889	1
17890	1
17897	2
17899	1
17901	1
17904	1
17907	1
17915	2
17921	1
17932	1
17942	1
17943	1
17944	2
17955	1
17964	1
17974	1
17977	1
17981	1
17987	1
17997	1
18002	1
18004	1
18012	1
18013	2
18014	1
18027	1
18028	1
18029	1
18032	1
18034	1
18037	1
18039	1
18041	1
18045	2
18048	1
18049	1
18051	1
18055	1
18061	1
18065	1
18073	1
18076	1
18086	2
18091	1
18096	1
18097	1
18099	1
18102	1
18104	1
18112	1
18113	2
18114	1
18117	2
18120	1
18125	1
18126	1
18130	1
18132	1
18137	1
18143	2
18151	1
18154	1
18160	1
18167	1
18175	1
18176	1
18177	1
18178	1
18180	1
18186	1
18196	1
18197	2
18199	1
18201	1
18204	1
18206	1
18208	1
18213	1
18222	1
18228	2
18229	1
18234	1
18236	1
18242	1
18249	1
18252	1
18254	1
18255	1
18258	1
18264	2
18265	1
18267	3
18271	1
18276	2
18283	1
18284	1
18287	1
18290	1
18303	1
18306	1
18307	1
18310	1
18316	1
18330	1
18331	1
18332	1
18337	1
18340	1
18341	1
18350	1
18351	1
18355	1
18359	2
18363	2
18364	1
18367	1
18369	1
18371	1
18373	1
18374	1
18376	1
18381	1
18385	2
18389	1
18390	1
18391	2
18392	2
18400	1
18401	4
18402	1
18404	2
18408	1
18411	1
18414	1
18416	3
18417	1
18418	1
18425	1
18428	1
18431	1
18432	1
18433	1
18434	1
18439	1
18440	1
18441	1
18443	1
18444	1
18448	1
18450	1
18455	1
18457	1
18458	1
18461	1
18466	1
18470	1
18478	1
18481	1
18482	1
18486	1
18498	1
18500	1
18502	1
18507	1
18512	1
18513	1
18523	2
18527	1
18530	1
18539	1
18543	1
18545	1
18548	1
18553	1
18554	1
18558	1
18561	1
18566	1
18567	1
18576	1
18578	1
18579	1
18581	1
18582	1
18586	1
18588	1
18591	1
18597	1
18600	1
18602	1
18610	1
18612	1
18615	1
18616	2
18621	1
18630	1
18631	1
18634	1
18637	1
18640	3
18641	1
18642	1
18646	1
18651	1
18654	1
18660	2
18662	1
18668	1
18669	1
18671	1
18672	1
18673	1
18676	1
18681	1
18682	1
18689	1
18698	1
18699	1
18700	1
18702	2
18705	1
18709	2
18723	1
18726	1
18728	1
18744	1
18747	1
18750	1
18760	1
18762	1
18772	1
18780	1
18781	1
18782	1
18783	1
18789	2
18791	1
18799	1
18818	1
18820	1
18855	1
18859	1
18867	1
18868	1
18869	1
18880	1
18882	1
18885	1
18891	1
18895	1
18896	1
18899	1
18900	1
18905	1
18909	1
18911	1
18912	1
18917	1
18918	1
18919	1
18920	1
18921	2
18931	1
18935	1
18945	2
18946	2
18949	1
18953	1
18954	1
18958	1
18961	1
18965	1
18968	1
18971	1
18979	1
18980	1
18981	1
18986	1
18987	2
18988	1
18992	1
18995	2
18999	2
19007	1
19008	1
19015	1
19019	1
19020	1
19022	1
19024	1
19028	1
19029	1
19030	1
19035	2
19037	1
19040	1
19042	2
19043	1
19069	1
19083	1
19085	2
19088	1
19090	1
19093	1
19094	1
19098	1
19099	1
19100	1
19106	2
19111	1
19113	2
19119	1
19121	1
19122	1
19126	1
19128	2
19129	1
19130	1
19131	1
19148	2
19162	1
19168	1
19171	1
19173	1
19174	1
19176	1
19180	1
19186	1
19187	1
19189	1
19190	1
19192	1
19201	1
19204	1
19205	1
19207	1
19214	2
19215	1
19221	2
19222	1
19225	1
19228	1
19232	1
19237	1
19239	1
19241	1
19246	1
19247	1
19248	1
19249	2
19250	1
19251	1
19261	1
19262	1
19265	1
19266	1
19281	1
19282	1
19284	1
19285	2
19287	1
19288	1
19292	1
19293	1
19306	1
19307	2
19308	1
19318	2
19320	2
19323	1
19328	1
19330	2
19334	1
19340	1
19341	1
19344	1
19350	1
19353	1
19365	1
19369	1
19374	1
19378	1
19379	1
19380	1
19383	1
19385	2
19390	1
19391	1
19392	1
19401	1
19407	2
19409	1
19416	1
19419	1
19420	1
19433	2
19436	1
19437	2
19438	2
19442	2
19443	1
19455	1
19458	1
19465	1
19467	4
19468	1
19470	2
19471	1
19473	1
19475	2
19483	2
19497	1
19498	1
19499	3
19500	1
19512	1
19513	1
19515	2
19519	1
19522	2
19525	1
19529	1
19530	1
19532	1
19533	1
19538	2
19545	1
19546	1
19550	1
19555	1
19556	1
19558	1
19559	1
19560	1
19562	1
19565	1
19579	1
19580	2
19581	1
19586	1
19588	1
19596	2
19597	2
19604	1
19605	1
19608	1
19611	2
19612	3
19620	1
19627	2
19629	1
19630	1
19631	5
19632	2
19636	1
19642	3
19643	2
19644	1
19646	1
19649	1
19651	1
19653	1
19656	1
19658	1
19661	1
19665	1
19666	2
19669	2
19671	2
19672	1
19674	1
19676	2
19681	1
19682	1
19683	1
19685	2
19687	1
19688	1
19692	2
19694	1
19696	1
19697	1
19701	1
19706	1
19709	1
19712	1
19713	1
19715	2
19718	1
19720	1
19722	1
19726	2
19727	1
19732	1
19733	1
19736	2
19738	1
19740	3
19742	1
19744	1
19745	1
19751	1
19755	1
19764	1
19765	1
19768	1
19769	2
19770	1
19771	2
19772	1
19780	1
19783	1
19788	1
19790	1
19792	2
19793	1
19797	2
19804	1
19807	1
19808	2
19809	1
19814	1
19816	1
19817	1
19819	2
19821	1
19824	1
19826	3
19833	1
19841	1
19845	1
19846	1
19847	1
19848	1
19850	1
19852	1
19855	1
19856	1
19860	1
19861	2
19867	2
19870	1
19871	1
19872	1
19873	1
19875	2
19880	1
19881	1
19883	1
19884	1
19885	1
19886	2
19887	2
19891	1
19892	1
19893	1
19901	1
19902	1
19903	1
19907	1
19912	2
19913	1
19917	1
19932	1
19933	1
19935	1
19937	1
19942	1
19943	1
19945	1
19946	1
19949	1
19950	2
19955	2
19957	1
19961	2
19963	1
19967	3
19968	1
19970	1
19973	1
19974	1
19975	1
19977	1
19981	1
19984	1
19985	1
19986	1
19987	1
19990	1
19992	2
19994	1
20000	1
20001	1
20002	2
20006	1
20007	1
20009	1
20012	1
20013	1
20015	2
20016	1
20018	1
20026	1
20028	1
20030	2
20031	1
20033	3
20037	1
20043	2
20046	2
20047	1
20050	2
20055	1
20056	1
20058	2
20059	1
20062	1
20068	1
20069	1
20071	1
20072	2
20075	1
20077	1
20080	1
20082	1
20083	1
20094	1
20099	2
20103	2
20104	1
20105	2
20109	1
20113	1
20114	1
20115	1
20118	1
20127	1
20128	1
20129	1
20136	1
20141	1
20142	1
20145	1
20150	1
20151	3
20159	2
20163	1
20167	1
20168	1
20170	1
20171	1
20175	1
20183	1
20185	1
20187	1
20190	1
20191	1
20192	2
20194	1
20197	1
20199	1
20203	1
20205	1
20209	1
20211	2
20217	1
20222	1
20227	2
20229	3
20232	1
20235	1
20236	1
20240	1
20241	1
20242	1
20243	1
20244	1
20246	3
20252	1
20257	1
20262	1
20264	1
20268	1
20271	1
20272	1
20273	2
20276	1
20279	3
20281	1
20282	2
20283	2
20284	1
20285	1
20287	2
20288	1
20289	1
20292	1
20295	2
20298	1
20300	3
20302	1
20304	1
20305	1
20309	1
20310	1
20312	3
20315	1
20317	1
20319	1
20322	1
20323	2
20324	1
20326	1
20329	1
20332	2
20338	1
20342	1
20351	2
20358	2
20360	1
20363	1
20366	1
20367	1
20370	1
20372	1
20373	1
20376	1
20377	1
20378	2
20381	1
20382	2
20391	1
20392	1
20395	1
20397	1
20400	1
20401	1
20402	1
20408	1
20413	1
20414	2
20417	1
20418	1
20422	4
20423	1
20427	1
20428	2
20430	1
20434	1
20435	1
20438	2
20439	1
20443	1
20452	2
20454	2
20456	1
20457	1
20459	2
20460	2
20461	1
20462	1
20465	2
20467	1
20468	1
20469	1
20470	1
20471	2
20472	1
20473	2
20474	1
20476	2
20478	1
20479	2
20481	2
20483	1
20484	2
20485	1
20486	1
20491	1
20496	1
20497	1
20504	2
20511	1
20515	1
20516	2
20517	1
20520	1
20523	2
20529	1
20530	2
20533	1
20535	1
20537	2
20539	1
20544	1
20546	1
20549	1
20552	1
20556	2
20557	2
20563	2
20564	1
20565	1
20566	1
20567	1
20574	1
20577	1
20579	2
20586	1
20587	1
20588	1
20589	1
20590	1
20591	1
20594	1
20596	1
20598	1
20606	2
20610	1
20614	1
20616	1
20618	2
20619	2
20621	1
20623	1
20624	1
20625	1
20630	2
20631	1
20634	1
20635	1
20637	1
20640	1
20646	1
20647	1
20649	2
20652	2
20653	1
20655	2
20658	1
20659	1
20663	1
20665	1
20666	1
20667	1
20677	1
20678	2
20681	1
20686	1
20687	1
20692	1
20695	2
20696	1
20697	1
20698	1
20701	1
20702	1
20709	1
20712	1
20713	1
20714	2
20716	1
20717	2
20719	1
20720	1
20721	1
20725	1
20726	2
20728	1
20729	1
20730	1
20735	1
20736	1
20740	2
20743	1
20744	1
20746	1
20750	1
20752	1
20754	1
20757	1
20758	1
20759	3
20760	3
20761	1
20763	2
20764	1
20765	1
20766	1
20769	2
20770	1
20772	1
20774	2
20779	1
20781	1
20782	1
20783	1
20786	2
20788	1
20789	1
20791	2
20803	1
20804	1
20805	1
20808	1
20809	2
20810	1
20813	1
20814	2
20815	2
20816	1
20818	1
20819	1
20820	1
20822	1
20824	1
20825	1
20826	1
20829	1
20833	1
20834	1
20835	1
20837	1
20841	1
20842	1
20844	2
20848	1
20852	1
20853	1
20858	1
20859	2
20861	1
20865	1
20866	1
20867	1
20868	2
20870	2
20871	2
20872	2
20874	1
20875	1
20876	1
20878	3
20879	1
20882	1
20883	2
20884	2
20885	1
20888	4
20889	3
20894	1
20895	2
20897	1
20901	2
20902	1
20904	1
20906	2
20907	1
20913	1
20914	1
20915	1
20916	1
20918	2
20919	1
20920	1
20922	1
20923	1
20924	1
20926	1
20927	1
20931	2
20933	1
20935	4
20942	1
20944	1
20946	1
20947	1
20948	1
20950	1
20951	3
20952	1
20953	1
20955	1
20957	2
20961	1
20962	2
20963	2
20965	1
20966	2
20968	1
20970	1
20971	1
20972	1
20974	2
20977	2
20979	1
20980	2
20984	1
20988	1
20989	1
20990	1
20992	2
20993	1
20995	2
20997	1
20998	2
21003	1
21014	2
21016	1
21017	1
21019	1
21020	2
21021	1
21022	1
21023	1
21024	1
21028	2
21030	1
21031	3
21032	2
21033	1
21037	1
21040	1
21042	2
21045	1
21046	2
21047	1
21049	1
21053	1
21054	1
21055	1
21056	1
21059	1
21060	2
21061	1
21068	3
21069	1
21070	1
21073	1
21075	1
21076	1
21081	1
21084	1
21085	1
21086	1
21088	2
21089	2
21091	1
21094	1
21096	1
21098	3
21099	1
21100	2
21103	1
21104	1
21110	3
21114	2
21116	2
21117	1
21118	2
21120	1
21121	1
21125	1
21126	3
21127	2
21128	2
21129	1
21131	3
21132	1
21133	3
21137	2
21138	2
21139	1
21141	1
21143	1
21146	1
21149	1
21151	2
21152	2
21153	1
21161	2
21164	2
21168	1
21169	1
21171	1
21174	1
21180	1
21184	1
21185	1
21186	1
21188	1
21189	2
21193	1
21197	1
21199	1
21200	2
21202	1
21203	1
21205	1
21206	1
21207	1
21209	2
21212	1
21213	1
21216	3
21217	1
21218	1
21219	1
21220	2
21222	1
21224	1
21225	1
21226	4
21232	1
21234	2
21237	1
21244	1
21245	2
21246	2
21248	2
21249	1
21250	1
21251	1
21252	1
21255	2
21257	1
21263	1
21265	2
21266	1
21267	2
21268	1
21272	1
21276	1
21279	1
21280	1
21282	1
21287	2
21288	2
21291	1
21294	1
21296	1
21299	1
21300	1
21301	1
21307	1
21308	1
21310	1
21311	1
21313	2
21314	1
21315	2
21317	1
21318	2
21319	2
21323	3
21326	1
21327	2
21329	1
21330	1
21332	1
21333	3
21334	2
21338	1
21341	2
21342	3
21343	1
21345	1
21346	1
21347	2
21348	1
21352	1
21353	1
21356	4
21359	2
21361	2
21362	1
21366	1
21367	2
21369	1
21370	1
21373	2
21374	1
21375	1
21377	1
21380	2
21381	1
21384	2
21386	1
21388	3
21389	1
21390	1
21391	1
21392	1
21395	1
21397	1
21398	2
21399	1
21400	2
21401	1
21402	3
21403	1
21410	1
21411	1
21413	2
21416	1
21417	2
21420	1
21422	1
21428	1
21429	2
21430	1
21432	1
21433	2
21434	2
21435	2
21438	2
21439	2
21441	2
21442	2
21445	1
21446	1
21447	2
21448	1
21450	1
21451	1
21453	1
21454	2
21456	2
21457	2
21458	2
21460	1
21461	1
21463	3
21468	1
21469	2
21470	2
21471	1
21473	1
21474	2
21477	2
21478	1
21480	1
21482	1
21483	1
21484	2
21485	2
21487	2
21489	1
21491	3
21493	2
21495	1
21497	2
21502	2
21503	3
21504	1
21505	1
21508	2
21509	1
21510	1
21511	1
21512	1
21514	1
21517	1
21520	1
21522	3
21527	1
21530	1
21532	1
21533	1
21537	2
21539	3
21543	1
21546	1
21549	2
21551	1
21552	2
21555	1
21558	1
21561	1
21564	1
21565	2
21567	1
21568	1
21570	1
21573	2
21576	2
21577	1
21578	1
21579	3
21580	1
21581	1
21582	1
21585	2
21587	1
21588	1
21589	2
21590	1
21591	1
21592	2
21593	1
21595	1
21597	2
21599	1
21601	1
21602	1
21603	2
21604	2
21606	1
21607	1
21608	1
21609	1
21610	1
21612	1
21613	4
21615	2
21616	1
21618	2
21619	1
21620	1
21621	2
21622	4
21623	1
21625	1
21628	1
21629	1
21630	1
21631	1
21633	1
21634	1
21635	2
21636	1
21637	1
21638	1
21639	1
21640	1
21641	1
21642	2
21644	2
21645	1
21646	1
21647	1
21651	1
21652	2
21653	2
21654	1
21655	2
21658	1
21661	2
21663	1
21664	1
21666	1
21668	1
21670	1
21675	1
21676	1
21677	5
21679	1
21680	1
21683	1
21684	1
21686	1
21688	1
21690	1
21691	1
21694	2
21695	2
21700	2
21701	1
21702	1
21704	2
21707	1
21708	1
21711	1
21712	1
21715	2
21717	2
21718	1
21719	1
21721	1
21723	1
21724	1
21727	2
21728	1
21729	1
21731	1
21732	1
21733	1
21734	4
21736	1
21738	2
21740	3
21742	3
21743	2
21745	1
21750	1
21751	2
21753	1
21755	1
21756	1
21757	1
21758	3
21759	1
21760	2
21761	2
21763	3
21764	1
21765	1
21767	1
21769	2
21770	3
21771	3
21773	2
21776	1
21778	3
21779	1
21780	2
21782	2
21783	1
21785	1
21786	1
21787	1
21788	1
21790	3
21792	3
21795	1
21796	3
21798	2
21799	1
21800	1
21802	1
21803	1
21804	2
21805	1
21806	2
21809	2
21810	2
21811	2
21813	1
21814	1
21816	1
21818	1
21820	2
21821	4
21822	1
21823	1
21824	2
21826	1
21828	1
21829	2
21830	2
21831	2
21832	1
21834	1
21837	1
21838	1
21839	2
21842	1
21844	1
21845	1
21850	1
21851	1
21852	1
21853	2
21854	2
21855	1
21856	1
21859	1
21862	1
21864	1
21868	1
21869	2
21872	2
21874	1
21876	1
21879	1
21883	2
21884	1
21886	1
21889	2
21890	1
21892	1
21894	1
21895	2
21896	2
21897	1
21900	1
21905	1
21908	1
21909	1
21912	3
21913	1
21915	1
21916	2
21917	1
21918	1
21919	2
21921	2
21923	1
21926	1
21927	1
21928	1
21930	1
21931	1
21932	2
21933	2
21934	1
21937	1
21939	1
21941	2
21943	2
21944	2
21945	1
21947	1
21950	1
21952	2
21956	2
21957	1
21958	3
21959	1
21960	2
21962	3
21964	1
21968	1
21970	2
21971	1
21972	1
21973	1
21974	1
21978	2
21979	2
21980	1
21983	2
21986	1
21987	2
21988	2
21990	1
21991	1
21992	2
21993	1
21996	2
21999	1
22002	2
22005	1
22006	2
22009	1
22012	1
22013	1
22014	1
22016	4
22017	1
22018	2
22020	2
22027	1
22028	2
22030	2
22032	2
22033	3
22034	1
22035	2
22037	1
22038	1
22039	3
22041	1
22042	1
22043	1
22045	2
22047	1
22050	1
22051	2
22052	1
22053	2
22055	1
22056	1
22057	1
22058	2
22059	1
22060	1
22063	1
22065	1
22066	1
22069	1
22072	3
22073	1
22075	1
22076	1
22077	2
22080	1
22081	1
22082	1
22083	2
22084	1
22089	2
22090	2
22093	1
22094	1
22096	1
22097	2
22099	3
22101	1
22102	2
22105	2
22107	2
22108	2
22110	2
22113	3
22119	1
22121	1
22122	1
22123	2
22124	1
22127	2
22130	1
22133	2
22136	2
22137	1
22139	1
22140	1
22141	1
22145	1
22146	2
22148	3
22149	1
22150	2
22156	1
22159	2
22160	1
22164	1
22165	1
22166	2
22167	1
22168	4
22169	2
22170	1
22171	2
22174	1
22177	1
22179	1
22181	1
22182	1
22184	1
22185	1
22188	1
22189	2
22190	2
22192	2
22196	1
22198	2
22200	2
22201	2
22206	2
22207	1
22209	1
22210	2
22212	2
22213	2
22215	1
22218	2
22219	3
22220	2
22224	2
22227	1
22229	2
22231	1
22233	1
22234	1
22235	2
22236	2
22237	1
22239	1
22242	2
22245	1
22247	1
22248	1
22251	1
22252	1
22253	3
22255	1
22257	1
22260	2
22263	1
22264	1
22265	1
22266	1
22267	2
22268	1
22269	2
22271	1
22272	2
22274	1
22276	1
22278	1
22279	1
22281	2
22282	3
22284	1
22285	1
22286	4
22289	1
22291	2
22292	2
22294	2
22295	1
22297	4
22299	1
22301	1
22302	1
22305	2
22307	1
22309	1
22311	3
22312	1
22313	1
22315	2
22316	1
22317	1
22319	1
22320	2
22323	2
22324	4
22326	2
22327	1
22328	3
22329	1
22331	2
22333	1
22334	2
22335	1
22336	3
22337	1
22338	2
22342	2
22343	1
22345	2
22346	1
22347	1
22348	2
22349	1
22350	1
22352	2
22353	1
22354	1
22355	4
22357	1
22358	2
22359	1
22360	1
22361	1
22362	1
22363	1
22364	1
22365	2
22366	2
22369	5
22370	2
22371	1
22373	1
22374	2
22375	1
22378	2
22379	2
22380	2
22383	1
22384	2
22386	2
22389	2
22390	2
22393	1
22394	1
22396	2
22397	1
22398	2
22399	1
22400	2
22401	3
22403	3
22404	2
22405	2
22406	1
22407	3
22408	2
22409	1
22411	1
22412	1
22413	2
22414	1
22415	2
22419	1
22422	1
22423	2
22424	2
22425	1
22427	4
22429	1
22430	3
22431	1
22433	1
22437	2
22438	2
22439	2
22440	2
22443	1
22445	1
22447	1
22450	2
22452	2
22453	1
22454	1
22458	2
22460	1
22463	3
22464	2
22465	2
22467	1
22471	2
22472	1
22473	1
22475	2
22477	2
22478	2
22480	1
22481	1
22482	1
22483	2
22484	3
22485	2
22486	1
22487	1
22488	1
22489	1
22490	1
22491	3
22492	2
22494	1
22495	2
22496	1
22500	2
22502	1
22503	2
22504	2
22505	1
22506	1
22508	3
22511	1
22512	1
22513	2
22514	2
22515	2
22516	3
22517	2
22518	1
22519	1
22520	2
22521	1
22522	1
22524	2
22525	3
22527	3
22528	3
22529	2
22530	2
22538	2
22539	1
22541	2
22543	1
22544	1
22545	2
22547	4
22549	2
22551	1
22552	1
22554	1
22555	1
22556	1
22557	1
22559	2
22561	1
22562	1
22564	2
22565	1
22567	1
22568	2
22571	1
22572	2
22573	5
22574	2
22576	2
22577	2
22578	1
22579	1
22581	2
22582	1
22585	3
22586	1
22587	1
22589	1
22590	1
22591	2
22593	1
22594	3
22595	2
22596	4
22598	2
22601	2
22603	1
22607	3
22609	3
22610	4
22613	4
22616	2
22617	1
22618	3
22619	2
22620	2
22621	1
22622	2
22623	2
22624	1
22626	1
22627	5
22628	1
22631	1
22632	1
22634	1
22635	1
22637	2
22638	4
22639	1
22640	1
22641	2
22643	2
22644	3
22645	1
22646	4
22647	2
22648	2
22649	1
22650	1
22652	3
22653	3
22654	4
22655	1
22656	1
22657	1
22658	1
22659	2
22660	2
22662	3
22663	2
22664	2
22665	3
22666	1
22667	1
22668	1
22669	2
22670	1
22672	1
22673	3
22674	3
22675	2
22677	1
22678	1
22679	3
22681	1
22683	1
22684	2
22685	1
22686	1
22687	1
22688	1
22690	1
22691	1
22692	2
22693	1
22694	1
22695	2
22696	1
22697	1
22700	2
22701	2
22704	2
22705	1
22706	1
22707	1
22709	2
22710	1
22712	1
22714	4
22716	1
22717	1
22719	1
22720	2
22721	2
22722	3
22723	2
22724	1
22727	1
22728	1
22729	2
22730	2
22732	1
22733	2
22734	2
22735	1
22737	1
22738	3
22739	3
22740	1
22741	2
22743	2
22744	2
22745	2
22746	1
22748	1
22749	1
22750	1
22751	1
22752	2
22753	2
22754	3
22755	1
22756	1
22759	2
22761	2
22762	1
22763	1
22765	1
22767	1
22769	1
22775	1
22777	3
22778	1
22779	1
22780	2
22783	2
22786	1
22788	1
22789	1
22791	1
22792	2
22793	2
22794	1
22795	1
22796	2
22797	1
22801	1
22803	2
22805	2
22807	1
22810	1
22811	1
22813	1
22816	2
22817	1
22819	1
22821	1
22823	2
22824	1
22827	1
22831	2
22833	1
22836	1
22837	1
22839	1
22840	2
22843	2
22844	1
22845	2
22848	2
22850	1
22851	1
22853	1
22854	2
22856	1
22857	1
22858	2
22859	2
22860	3
22864	3
22867	2
22868	2
22869	1
22871	1
22872	2
22875	1
22876	2
22877	1
22878	1
22879	1
22881	1
22882	2
22883	1
22885	1
22886	3
22889	1
22890	1
22893	1
22894	2
22896	2
22897	1
22898	2
22899	1
22900	1
22902	1
22904	1
22910	1
22911	1
22912	1
22914	1
22916	2
22919	2
22921	1
22923	2
22924	1
22927	1
22928	1
22929	1
22933	1
22934	1
22935	1
22936	1
22937	1
22938	1
22939	2
22940	1
22941	2
22942	1
22943	1
22944	2
22945	1
22946	2
22947	3
22950	1
22951	2
22952	1
22953	1
22954	1
22956	2
22958	1
22959	1
22960	1
22961	2
22966	3
22969	1
22970	3
22971	3
22972	3
22973	1
22974	1
22976	1
22977	3
22978	1
22984	2
22985	1
22986	1
22987	1
22989	2
22992	1
22993	1
22996	3
22999	2
23001	2
23002	1
23004	2
23005	1
23006	1
23008	1
23010	2
23011	1
23013	2
23015	1
23016	2
23017	1
23018	1
23022	2
23023	2
23025	1
23027	1
23028	1
23031	1
23032	1
23033	2
23034	4
23036	1
23037	2
23039	2
23040	2
23041	2
23043	2
23045	3
23046	2
23047	1
23048	1
23049	1
23050	3
23051	1
23052	1
23053	1
23054	1
23056	5
23058	1
23059	1
23061	1
23062	1
23063	2
23064	1
23066	2
23068	1
23069	1
23070	1
23071	2
23073	1
23075	2
23076	1
23078	1
23079	1
23080	2
23081	2
23082	1
23083	2
23084	1
23089	1
23090	2
23092	1
23093	1
23095	1
23096	2
23101	1
23102	2
23104	2
23105	1
23106	1
23107	3
23110	1
23112	2
23113	1
23114	1
23116	1
23117	3
23118	1
23120	1
23125	1
23126	1
23127	2
23128	1
23133	2
23135	1
23136	1
23137	1
23138	1
23141	2
23142	2
23143	1
23145	2
23146	3
23148	1
23149	1
23152	2
23154	3
23155	1
23158	1
23160	1
23161	1
23162	2
23165	2
23166	1
23167	1
23168	2
23171	1
23174	1
23175	5
23176	2
23177	2
23179	3
23182	2
23184	2
23190	1
23191	3
23196	1
23198	2
23199	1
23201	1
23203	1
23204	1
23205	1
23206	1
23208	2
23209	2
23210	3
23211	1
23212	1
23216	1
23218	1
23222	1
23224	1
23227	2
23228	1
23230	1
23233	2
23236	1
23237	1
23239	2
23240	2
23244	2
23245	1
23246	3
23248	1
23249	4
23250	2
23251	1
23253	1
23259	1
23261	1
23265	1
23266	3
23267	3
23276	1
23279	1
23283	3
23285	2
23286	2
23287	2
23289	2
23292	3
23293	1
23294	1
23295	1
23296	2
23301	1
23302	1
23304	2
23306	2
23311	1
23312	2
23313	1
23314	1
23315	1
23316	1
23317	1
23318	2
23320	1
23321	1
23326	2
23332	1
23333	2
23335	1
23337	1
23338	1
23343	2
23344	1
23345	2
23347	2
23348	3
23349	2
23351	1
23354	1
23356	1
23358	2
23360	1
23362	1
23364	1
23365	1
23368	2
23374	1
23375	1
23376	1
23377	1
23378	3
23382	1
23386	1
23387	1
23389	1
23391	1
23393	1
23395	1
23398	2
23399	1
23400	1
23401	1
23403	1
23404	2
23405	3
23407	1
23408	1
23411	1
23413	1
23419	2
23422	1
23423	2
23425	1
23426	1
23427	1
23428	1
23429	1
23430	1
23434	1
23435	1
23437	1
23439	2
23440	3
23442	1
23443	1
23447	2
23453	1
23454	2
23458	2
23460	3
23461	2
23462	1
23464	2
23465	1
23466	1
23467	1
23469	1
23470	1
23471	1
23472	2
23474	1
23476	1
23478	2
23479	2
23480	1
23481	1
23484	2
23485	1
23486	2
23491	2
23493	1
23494	1
23495	1
23496	2
23497	1
23499	1
23500	1
23503	1
23504	1
23507	1
23509	1
23510	3
23511	1
23514	2
23516	1
23518	1
23521	2
23524	1
23525	1
23529	1
23532	1
23533	1
23535	1
23537	1
23542	1
23546	1
23547	2
23548	2
23549	2
23551	2
23553	1
23554	2
23558	2
23559	1
23560	1
23561	2
23562	1
23564	1
23566	3
23567	1
23570	1
23572	2
23573	2
23574	1
23575	1
23577	2
23579	1
23580	3
23581	1
23582	1
23583	1
23585	4
23588	1
23593	2
23596	1
23597	1
23599	1
23601	2
23602	2
23603	2
23605	1
23607	1
23608	2
23614	1
23616	1
23617	1
23618	1
23619	2
23620	1
23621	1
23622	1
23625	1
23629	1
23630	1
23631	1
23632	1
23634	1
23640	1
23641	2
23642	1
23643	1
23645	1
23648	1
23650	1
23652	3
23655	2
23656	3
23658	1
23661	1
23662	1
23663	1
23666	1
23670	1
23673	2
23675	1
23676	3
23679	2
23682	1
23685	1
23686	1
23687	1
23689	1
23690	1
23692	1
23693	2
23694	1
23695	1
23697	1
23698	1
23699	1
23702	2
23704	2
23707	2
23708	1
23710	1
23712	2
23713	1
23716	1
23717	1
23718	2
23719	2
23720	1
23722	1
23724	2
23725	1
23726	1
23728	1
23730	1
23731	1
23733	1
23737	2
23738	1
23740	1
23742	2
23746	3
23749	1
23750	1
23751	2
23752	2
23755	1
23756	3
23757	1
23758	1
23759	1
23760	1
23761	1
23766	2
23768	2
23770	1
23772	1
23773	1
23775	2
23776	3
23777	2
23778	2
23784	2
23787	1
23788	2
23789	1
23790	1
23793	1
23795	1
23797	1
23800	1
23801	1
23802	2
23803	2
23805	2
23810	2
23815	1
23816	2
23819	1
23823	1
23825	1
23826	1
23830	3
23833	1
23836	1
23841	1
23842	4
23844	1
23846	2
23849	2
23851	1
23852	1
23853	2
23854	1
23857	2
23858	2
23859	1
23860	1
23861	1
23862	1
23865	2
23866	2
23867	1
23868	1
23870	1
23872	2
23874	2
23880	3
23882	4
23884	2
23885	1
23887	1
23888	1
23889	1
23890	1
23891	1
23900	1
23901	1
23902	2
23903	1
23904	1
23905	2
23906	1
23907	1
23908	2
23910	1
23911	3
23915	2
23916	1
23917	1
23918	1
23920	1
23921	1
23922	1
23923	1
23924	1
23925	1
23926	1
23927	1
23928	3
23929	1
23930	1
23931	1
23933	1
23934	1
23936	2
23937	1
23939	1
23940	2
23941	1
23942	1
23944	1
23946	1
23947	1
23948	1
23949	3
23952	1
23953	3
23954	1
23956	1
23962	1
23963	1
23970	2
23971	1
23972	1
23975	2
23976	1
23978	1
23979	2
23982	1
23983	1
23984	1
23987	1
23988	5
23989	1
23990	2
23991	1
23992	1
23994	1
24001	2
24003	2
24004	1
24005	1
24008	1
24010	2
24013	1
24016	1
24017	1
24018	3
24022	1
24024	2
24027	2
24029	1
24031	1
24033	1
24034	1
24035	1
24036	2
24037	1
24040	1
24046	1
24048	1
24049	1
24052	1
24053	1
24059	2
24060	2
24061	1
24065	2
24066	1
24067	1
24069	1
24072	1
24076	2
24077	1
24078	1
24080	1
24082	1
24086	1
24089	2
24090	1
24092	2
24094	1
24095	1
24097	2
24099	1
24101	2
24106	1
24108	1
24109	2
24114	2
24116	1
24117	1
24119	1
24120	1
24126	1
24127	1
24129	1
24130	1
24131	1
24134	1
24136	1
24148	1
24149	1
24150	1
24151	2
24153	1
24154	1
24156	1
24161	2
24163	1
24167	1
24172	1
24173	2
24175	1
24176	1
24177	2
24178	1
24179	3
24181	2
24182	1
24189	1
24191	1
24192	1
24193	1
24194	1
24195	1
24201	1
24203	1
24205	1
24210	1
24214	1
24217	1
24219	2
24222	1
24226	1
24228	1
24232	2
24235	2
24237	1
24239	1
24242	1
24245	1
24246	1
24248	1
24250	1
24253	1
24255	2
24257	1
24258	2
24261	1
24264	1
24266	1
24267	2
24268	1
24273	1
24274	1
24280	1
24290	1
24292	2
24293	1
24303	1
24305	1
24306	1
24308	1
24311	2
24312	2
24315	1
24316	1
24317	1
24319	2
24322	2
24323	1
24326	1
24327	1
24331	1
24332	1
24339	1
24342	4
24344	1
24346	2
24348	1
24349	2
24355	1
24357	1
24361	1
24364	1
24368	1
24369	1
24371	1
24378	1
24379	1
24383	1
24384	3
24385	2
24386	1
24393	1
24394	1
24400	2
24401	2
24411	2
24415	1
24428	1
24429	1
24430	2
24432	1
24433	1
24435	1
24440	1
24442	1
24443	1
24446	1
24453	1
24454	1
24459	1
24460	2
24462	1
24463	2
24466	1
24468	1
24470	2
24472	1
24473	1
24475	1
24481	1
24484	1
24488	1
24489	1
24492	2
24495	1
24499	1
24500	1
24506	1
24510	1
24511	1
24519	1
24520	1
24521	2
24522	2
24524	2
24525	1
24526	1
24529	1
24533	2
24534	1
24538	3
24541	2
24547	2
24548	1
24556	1
24561	1
24562	1
24569	1
24572	1
24574	1
24575	2
24576	1
24579	1
24580	1
24581	1
24585	2
24587	2
24589	1
24590	1
24594	1
24602	1
24606	1
24612	1
24613	1
24615	2
24616	1
24617	3
24621	1
24626	1
24632	1
24633	3
24634	1
24638	3
24641	1
24643	2
24646	1
24647	1
24651	1
24663	2
24665	1
24666	1
24676	1
24678	1
24679	2
24682	1
24684	1
24689	1
24691	1
24695	1
24699	2
24702	1
24703	1
24707	1
24709	1
24712	1
24716	1
24725	2
24726	1
24730	1
24731	1
24732	1
24737	1
24738	1
24739	2
24740	1
24741	1
24743	1
24747	1
24749	1
24752	3
24753	1
24758	1
24760	1
24761	1
24766	1
24768	3
24769	1
24775	1
24777	1
24781	1
24789	2
24790	1
24791	2
24794	1
24796	2
24800	1
24801	1
24802	1
24812	1
24815	1
24816	1
24823	1
24825	1
24832	1
24836	1
24838	1
24841	1
24845	2
24850	1
24852	2
24853	1
24856	1
24857	1
24862	1
24869	1
24872	1
24876	1
24887	2
24895	1
24899	1
24900	1
24902	2
24905	1
24910	1
24912	1
24918	1
24919	1
24920	1
24921	1
24923	1
24925	1
24926	1
24927	1
24930	1
24937	1
24939	2
24941	1
24942	1
24943	2
24945	3
24946	1
24948	1
24950	1
24952	2
24953	1
24954	1
24958	1
24960	2
24961	2
24966	1
24973	1
24976	1
24981	1
24983	2
24988	1
24992	1
24996	1
25000	1
25004	1
25009	1
25014	1
25015	1
25016	1
25020	1
25021	3
25023	1
25025	1
25028	1
25032	1
25034	2
25038	1
25042	1
25044	1
25046	1
25048	1
25049	3
25050	1
25054	1
25057	1
25058	1
25060	1
25061	1
25064	1
25072	1
25073	2
25077	1
25079	1
25084	1
25090	1
25092	2
25093	1
25094	1
25096	1
25103	1
25108	2
25111	1
25112	1
25115	1
25118	1
25119	2
25131	1
25134	1
25139	1
25146	1
25148	1
25176	1
25180	1
25184	1
25186	2
25188	1
25195	1
25198	1
25203	1
25207	2
25209	1
25214	1
25243	1
25251	1
25252	1
25254	1
25257	1
25261	1
25278	2
25283	1
25284	1
25289	1
25301	1
25305	1
25306	1
25310	1
25315	1
25316	2
25317	1
25318	1
25321	1
25322	1
25325	1
25326	2
25327	1
25328	1
25331	1
25332	1
25333	2
25335	3
25347	1
25353	2
25359	2
25360	1
25364	1
25367	1
25368	1
25369	1
25370	1
25373	1
25384	1
25385	1
25387	1
25388	1
25389	1
25390	1
25395	1
25396	1
25402	1
25406	1
25410	1
25412	1
25417	1
25418	1
25420	2
25422	1
25425	1
25428	1
25430	1
25433	1
25436	1
25440	2
25441	1
25443	2
25445	1
25452	1
25454	1
25461	1
25463	1
25464	2
25465	1
25467	1
25470	1
25476	2
25487	1
25491	2
25493	1
25495	1
25497	1
25502	2
25504	1
25505	1
25506	1
25507	1
25509	1
25511	1
25514	1
25516	1
25518	1
25524	1
25526	2
25530	1
25531	1
25534	1
25536	1
25537	1
25544	1
25552	1
25557	1
25562	1
25564	1
25565	1
25568	1
25572	2
25574	1
25576	1
25580	1
25583	1
25592	1
25597	1
25600	1
25601	1
25602	1
25613	1
25616	1
25620	1
25621	2
25626	1
25630	2
25644	1
25652	1
25654	1
25656	2
25660	1
25661	1
25663	1
25664	1
25666	2
25673	1
25674	1
25675	1
25676	1
25678	1
25681	1
25685	1
25686	1
25689	1
25691	2
25692	1
25696	1
25698	1
25700	1
25704	1
25712	1
25713	1
25714	1
25718	2
25722	1
25723	1
25735	2
25744	2
25745	1
25747	1
25751	1
25752	1
25756	1
25758	1
25762	2
25764	1
25765	1
25776	1
25781	1
25782	1
25787	1
25790	1
25793	1
25794	1
25795	1
25796	1
25803	1
25812	1
25815	1
25817	1
25825	1
25826	1
25830	1
25836	2
25847	1
25851	1
25862	1
25871	1
25873	1
25883	1
25884	1
25893	1
25894	2
25903	1
25913	1
25918	1
25922	1
25926	1
25929	1
25943	1
25945	1
25973	1
25987	1
25992	1
25994	2
25995	1
25996	1
25997	1
26005	1
26012	1
26021	1
26035	1
26049	1
26055	1
26071	1
26077	1
26082	1
26107	1
26116	1
26140	1
26142	1
26144	1
26162	1
26231	1
26240	2
26284	1
26309	1
26316	1
26332	1
26389	1
26491	1
26525	1
26560	1
26575	1
26590	1
26650	1
26665	1
26681	1
26713	1
26747	1
26750	1
26784	1
26795	1
26842	1
26864	1
26871	1
26875	1
27011	1
27020	1
27023	1
27071	1
27075	1
27092	1
27101	1
27103	1
27106	1
27121	1
27143	1
27168	1
27177	1
27187	1
27219	1
27220	1
27246	1
27253	1
27287	1
27307	1
27326	1
27345	1
27349	1
27359	1
27386	1
27389	1
27396	1
27399	1
27407	1
27417	1
27448	1
27458	1
27482	1
27487	1
27529	1
27558	1
27600	1
27603	1
27621	1
27643	1
27699	1
27710	1
27740	1
27744	1
27750	1
27764	1
27768	1
27772	1
27795	1
27797	1
27798	1
27801	1
27803	1
27806	1
27807	1
27830	1
27842	1
27863	1
27961	1
28039	1
28097	1
28115	1
28127	1
28150	1
28166	1
28174	1
28178	1
28186	1
28200	1
28221	1
28234	1
28269	1
28279	1
28291	1
28329	1
28342	1
28356	1
28361	1
28398	1
28400	1
28427	1
28446	1
28449	1
28453	1
28458	1
28472	1
28482	1
28520	1
28535	1
28537	1
28551	1
28562	1
28565	1
28568	1
28577	1
28598	1
28611	1
28620	1
28623	1
28648	1
28654	1
28669	1
28671	1
28677	1
28692	1
28693	1
28711	1
28718	2
28737	1
28751	1
28773	1
28792	1
28801	1
28812	1
28815	1
28828	1
28835	1
28836	1
28845	1
28856	1
28859	1
28861	1
28882	1
28885	1
28891	1
28895	1
28902	1
28930	1
28989	1
28992	1
28997	1
29003	1
29016	1
29032	1
29043	2
29046	1
29054	1
29058	1
29075	1
29076	1
29080	1
29100	1
29106	1
29118	1
29121	1
29199	1
29210	1
29227	1
29230	1
29246	1
29282	1
29308	1
29349	1
29420	1
29423	1
29438	1
29450	1
29474	1
29479	1
29500	1
29517	1
29539	1
29544	1
29563	1
29565	1
29578	1
29603	1
29620	1
29628	1
29633	1
29638	1
29639	1
29650	1
29662	1
29667	1
29679	1
29682	1
29685	1
29694	1
29704	1
29713	1
29722	1
29723	1
29732	1
29741	2
29742	1
29753	1
29762	1
29763	2
29786	1
29787	1
29794	1
29797	1
29799	1
29802	1
29807	1
29809	1
29823	1
29834	1
29838	1
29839	1
29879	1
29921	1
29925	1
29984	1
29985	1
30026	1
30032	2
30080	1
30095	1
30105	1
30133	1
30146	1
31299	1
33216	1
35402	1
36772	1
37893	1
37972	1
40538	1
42402	1
