#Coverage	numBases
0	2736247198
1	186518136
2	79453444
3	27206192
4	12636299
5	6022202
6	3219477
7	1889412
8	1220048
9	829777
10	578552
11	404732
12	277943
13	185737
14	125713
15	84596
16	55829
17	37011
18	25057
19	17748
20	13574
21	10383
22	8167
23	6359
24	5409
25	4669
26	3606
27	2949
28	2600
29	2004
30	2191
31	2082
32	1759
33	1604
34	1538
35	1311
36	1221
37	1049
38	970
39	906
40	713
41	652
42	624
43	614
44	719
45	533
46	536
47	358
48	373
49	293
50	434
51	349
52	337
53	260
54	282
55	269
56	316
57	216
58	181
59	173
60	136
61	137
62	184
63	149
64	172
65	189
66	121
67	76
68	83
69	60
70	34
71	22
72	28
73	67
74	41
75	34
76	38
77	30
78	23
79	11
80	35
81	25
82	13
83	8
84	10
85	17
86	20
87	28
88	29
89	36
90	34
91	43
92	27
93	18
94	8
95	3
96	7
97	12
98	5
99	1
100	6
101	8
102	9
103	5
104	1
105	6
106	12
107	6
108	7
109	12
110	21
111	17
112	6
113	4
114	5
115	1
