#Coverage	numBases
0	2614710169
1	257720542
2	121907289
3	53464893
4	31342489
5	18583660
6	11231744
7	6846671
8	4290616
9	2782960
10	1915854
11	1410486
12	1100122
13	910992
14	773500
15	663760
16	570542
17	488777
18	410051
19	336639
20	279336
21	223520
22	178952
23	140268
24	107267
25	80980
26	61046
27	47841
28	36931
29	28853
30	22241
31	17824
32	15080
33	12371
34	10245
35	8839
36	7984
37	6960
38	6002
39	5650
40	4930
41	4320
42	3925
43	3785
44	3557
45	3044
46	3012
47	3138
48	2633
49	2581
50	2643
51	2321
52	1984
53	1997
54	1744
55	1764
56	1573
57	1647
58	1426
59	1245
60	1173
61	1092
62	962
63	956
64	704
65	724
66	585
67	651
68	489
69	444
70	472
71	445
72	419
73	487
74	418
75	348
76	324
77	368
78	359
79	320
80	265
81	330
82	313
83	300
84	284
85	287
86	301
87	247
88	255
89	249
90	290
91	227
92	248
93	166
94	235
95	252
96	173
97	171
98	185
99	178
100	176
101	201
102	189
103	175
104	141
105	159
106	160
107	221
108	104
109	153
110	123
111	107
112	67
113	71
114	70
115	75
116	91
117	68
118	62
119	96
120	114
121	123
122	124
123	70
124	91
125	73
126	101
127	94
128	68
129	55
130	63
131	53
132	59
133	52
134	53
135	57
136	101
137	151
138	167
139	97
140	69
141	71
142	107
143	93
144	113
145	102
146	121
147	148
148	93
149	73
150	61
151	47
152	70
153	80
154	62
155	86
156	101
157	81
158	73
159	60
160	77
161	87
162	61
163	75
164	37
165	44
166	38
167	32
168	24
169	33
170	34
171	30
172	25
173	28
174	25
175	27
176	27
177	16
178	22
179	24
180	27
181	17
182	19
183	4
184	8
185	11
186	18
187	18
188	9
189	11
190	6
191	1
192	0
193	7
194	8
195	12
196	5
197	5
198	8
199	2
200	3
201	3
202	7
203	2
204	2
205	5
206	6
207	2
208	2
209	2
210	1
211	1
