#Coverage	numBases
0	2052111208
1	426817179
2	230273215
3	108465149
4	64049071
5	42845284
6	33128858
7	27837969
8	24370602
9	21593539
10	19174405
11	16883510
12	14721834
13	12761242
14	10951938
15	9363933
16	7983624
17	6770289
18	5765237
19	4906150
20	4161752
21	3533354
22	2997025
23	2552019
24	2173162
25	1853826
26	1577995
27	1338389
28	1137564
29	973677
30	835618
31	716915
32	623486
33	546917
34	480618
35	423931
36	381482
37	347044
38	319467
39	296571
40	279447
41	264190
42	253525
43	243079
44	235041
45	230613
46	226928
47	224234
48	223031
49	222103
50	221758
51	221765
52	220561
53	219245
54	219997
55	219236
56	218830
57	217529
58	215053
59	213878
60	210015
61	206720
62	203016
63	198068
64	192074
65	185700
66	178365
67	171081
68	163275
69	156131
70	148056
71	140490
72	133049
73	124317
74	117919
75	110526
76	104484
77	96897
78	89410
79	84356
80	77564
81	71792
82	66179
83	59940
84	55643
85	51049
86	47400
87	43794
88	39746
89	36155
90	32429
91	29529
92	27465
93	24100
94	22165
95	20091
96	18301
97	16659
98	14999
99	13644
100	12272
101	10969
102	9963
103	9108
104	8617
105	7925
106	7374
107	6875
108	6489
109	5799
110	5441
111	5079
112	4668
113	4179
114	4033
115	3937
116	3784
117	3525
118	3515
119	3234
120	3144
121	3006
122	2804
123	2862
124	2831
125	2732
126	2595
127	2484
128	2511
129	2564
130	2583
131	2451
132	2490
133	2384
134	2317
135	2205
136	2331
137	2196
138	2208
139	2338
140	2291
141	2255
142	2279
143	2188
144	2168
145	2126
146	1933
147	1753
148	1671
149	1706
150	1631
151	1616
152	1640
153	1604
154	1611
155	1602
156	1681
157	1554
158	1572
159	1411
160	1354
161	1200
162	1056
163	980
164	924
165	988
166	972
167	962
168	954
169	949
170	916
171	934
172	884
173	865
174	838
175	932
176	833
177	843
178	883
179	873
180	848
181	779
182	731
183	725
184	758
185	769
186	838
187	718
188	780
189	766
190	775
191	724
192	771
193	772
194	751
195	725
196	700
197	681
198	718
199	702
200	779
201	720
202	631
203	621
204	687
205	619
206	668
207	644
208	634
209	620
210	633
211	606
212	573
213	542
214	545
215	592
216	568
217	582
218	559
219	521
220	544
221	559
222	555
223	516
224	532
225	508
226	469
227	530
228	462
229	434
230	408
231	381
232	388
233	366
234	319
235	310
236	260
237	254
238	251
239	251
240	240
241	231
242	249
243	236
244	219
245	231
246	195
247	183
248	191
249	174
250	186
251	152
252	162
253	167
254	153
255	145
256	162
257	151
258	128
259	131
260	146
261	179
262	133
263	166
264	181
265	177
266	196
267	113
268	139
269	110
270	111
271	113
272	98
273	66
274	81
275	94
276	91
277	96
278	97
279	91
280	102
281	84
282	70
283	82
284	78
285	82
286	72
287	81
288	86
289	93
290	75
291	78
292	63
293	61
294	66
295	85
296	82
297	87
298	88
299	87
300	81
301	67
302	54
303	61
304	88
305	93
306	114
307	93
308	73
309	78
310	70
311	94
312	111
313	100
314	110
315	115
316	142
317	117
318	143
319	102
320	98
321	105
322	133
323	99
324	108
325	82
326	105
327	95
328	90
329	101
330	112
331	97
332	95
333	78
334	96
335	101
336	90
337	101
338	106
339	110
340	124
341	102
342	84
343	73
344	91
345	98
346	95
347	101
348	99
349	113
350	124
351	98
352	83
353	126
354	106
355	122
356	118
357	111
358	86
359	93
360	97
361	94
362	98
363	114
364	97
365	106
366	108
367	114
368	103
369	112
370	63
371	57
372	60
373	57
374	72
375	67
376	71
377	71
378	61
379	69
380	68
381	59
382	55
383	64
384	53
385	50
386	44
387	46
388	40
389	56
390	53
391	55
392	76
393	53
394	47
395	51
396	50
397	43
398	49
399	46
400	57
401	65
402	57
403	48
404	47
405	53
406	61
407	67
408	76
409	84
410	65
411	52
412	42
413	42
414	49
415	43
416	32
417	32
418	30
419	33
420	34
421	27
422	39
423	37
424	44
425	26
426	46
427	37
428	34
429	20
430	18
431	46
432	42
433	41
434	43
435	29
436	29
437	35
438	33
439	31
440	32
441	28
442	28
443	37
444	22
445	27
446	28
447	24
448	36
449	35
450	34
451	29
452	31
453	31
454	39
455	35
456	26
457	23
458	37
459	27
460	32
461	24
462	33
463	38
464	39
465	36
466	31
467	40
468	35
469	45
470	64
471	68
472	54
473	48
474	50
475	26
476	34
477	37
478	42
479	23
480	25
481	39
482	46
483	43
484	45
485	47
486	37
487	40
488	44
489	23
490	32
491	24
492	27
493	31
494	42
495	37
496	26
497	32
498	45
499	43
500	35
501	34
502	28
503	27
504	59
505	88
506	48
507	45
508	36
509	43
510	15
511	23
512	24
513	19
514	15
515	20
516	15
517	14
518	15
519	17
520	17
521	26
522	16
523	17
524	15
525	17
526	16
527	18
528	20
529	17
530	11
531	9
532	17
533	17
534	12
535	17
536	11
537	9
538	13
539	10
540	15
541	25
542	18
543	25
544	20
545	19
546	23
547	18
548	19
549	12
550	14
551	15
552	11
553	14
554	11
555	12
556	18
557	14
558	12
559	17
560	21
561	20
562	24
563	19
564	27
565	17
566	23
567	24
568	25
569	26
570	37
571	35
572	24
573	33
574	29
575	26
576	22
577	17
578	19
579	11
580	10
581	16
582	10
583	21
584	11
585	25
586	37
587	28
588	20
589	31
590	28
591	28
592	18
593	19
594	23
595	20
596	23
597	27
598	26
599	22
600	19
601	25
602	38
603	26
604	17
605	22
606	13
607	17
608	16
609	12
610	14
611	15
612	18
613	15
614	21
615	13
616	22
617	13
618	16
619	18
620	15
621	17
622	9
623	9
624	12
625	10
626	12
627	10
628	21
629	14
630	15
631	17
632	15
633	20
634	22
635	11
636	15
637	7
638	10
639	14
640	9
641	6
642	10
643	11
644	4
645	11
646	6
647	7
648	7
649	8
650	10
651	10
652	9
653	10
654	4
655	9
656	7
657	12
658	11
659	11
660	7
661	4
662	5
663	9
664	7
665	7
666	13
667	3
668	3
669	2
670	6
671	9
672	7
673	4
674	5
675	6
676	6
677	5
678	6
679	2
680	6
681	4
682	4
683	8
684	8
685	10
686	9
687	16
688	14
689	15
690	14
691	12
692	18
693	6
694	8
695	13
696	10
697	14
698	3
699	6
700	5
701	5
702	5
703	8
704	7
705	10
706	8
707	12
708	11
709	8
710	9
711	18
712	17
713	6
714	8
715	5
716	12
717	21
718	9
719	16
720	13
721	8
722	9
723	4
724	10
725	7
726	0
727	5
728	3
729	2
730	1
731	4
732	0
733	4
734	8
735	2
736	3
737	4
738	5
739	2
740	3
741	5
742	2
743	1
744	2
745	2
746	3
747	2
748	2
749	5
750	3
751	5
752	5
753	1
754	1
755	2
756	1
757	0
758	0
759	0
760	2
761	0
762	0
763	1
764	2
765	2
766	1
767	1
768	1
769	2
770	3
771	2
772	1
773	1
774	3
775	2
776	2
777	2
778	3
779	2
780	1
781	1
782	5
783	0
784	7
785	2
786	4
787	1
788	3
789	3
790	7
791	3
792	3
793	0
794	6
795	5
796	6
797	8
798	10
799	11
800	5
801	9
802	3
803	7
804	6
805	6
806	8
807	12
808	9
809	5
810	9
811	6
812	6
813	1
814	7
815	1
816	3
817	2
818	5
819	2
820	3
821	1
822	2
823	0
824	1
825	1
826	0
827	0
828	1
829	1
830	2
831	0
832	0
833	3
834	1
835	0
836	0
837	4
838	0
839	2
840	5
841	2
842	2
843	4
844	0
845	2
846	0
847	2
848	1
849	1
850	2
851	3
852	2
853	0
854	1
855	3
856	2
857	0
858	1
859	2
860	2
861	1
862	1
863	1
864	3
865	1
866	0
867	0
868	0
869	1
