#Coverage	numBases
0	2749186589
1	152842515
2	60089750
3	17529160
4	7400336
5	3298565
6	1707802
7	960336
8	577470
9	351593
10	210854
11	129526
12	77808
13	46338
14	28533
15	17469
16	11363
17	8831
18	6155
19	5352
20	4148
21	3094
22	2385
23	1740
24	1879
25	1704
26	1247
27	1005
28	1094
29	1045
30	1015
31	918
32	811
33	996
34	802
35	669
36	683
37	651
38	524
39	379
40	330
41	393
42	298
43	244
44	260
45	245
46	171
47	179
48	159
49	124
50	53
51	39
52	22
53	24
54	26
55	15
56	35
57	37
58	12
59	16
60	13
61	13
62	18
63	7
64	8
65	8
66	2
67	6
68	13
69	12
70	11
71	16
72	5
73	11
74	5
75	3
76	6
77	7
78	15
79	7
80	2
81	8
82	6
83	7
84	0
85	5
86	3
87	6
88	12
89	19
90	11
91	19
92	20
93	21
94	15
95	5
96	7
97	8
98	1
