#Coverage	numBases
0	2510797416
1	296114765
2	142429395
3	65507603
4	41901621
5	27943796
6	19105750
7	12968295
8	8791770
9	5981342
10	4082196
11	2849701
12	2030908
13	1493207
14	1150463
15	935177
16	801479
17	713095
18	640653
19	592883
20	548959
21	499625
22	456582
23	414514
24	373031
25	327674
26	286718
27	246463
28	208474
29	174464
30	146259
31	122396
32	98572
33	79748
34	65726
35	52845
36	42694
37	34773
38	28544
39	23130
40	19347
41	16160
42	13681
43	11869
44	10116
45	8523
46	7657
47	6951
48	5944
49	5496
50	5193
51	4954
52	4733
53	4490
54	4564
55	4060
56	3610
57	3335
58	3164
59	2921
60	2910
61	2726
62	2456
63	2370
64	2514
65	2299
66	2126
67	1932
68	1784
69	1562
70	1718
71	1635
72	1583
73	1507
74	1437
75	1474
76	1322
77	1070
78	1072
79	993
80	857
81	809
82	646
83	704
84	645
85	585
86	588
87	541
88	513
89	518
90	481
91	439
92	418
93	346
94	345
95	344
96	355
97	302
98	298
99	283
100	290
101	269
102	288
103	256
104	219
105	265
106	266
107	261
108	205
109	207
110	241
111	249
112	237
113	227
114	295
115	268
116	288
117	194
118	197
119	238
120	263
121	264
122	252
123	297
124	297
125	259
126	249
127	261
128	276
129	222
130	233
131	202
132	280
133	189
134	185
135	151
136	168
137	167
138	167
139	130
140	167
141	177
142	131
143	133
144	122
145	134
146	143
147	107
148	149
149	119
150	104
151	95
152	97
153	154
154	158
155	123
156	80
157	119
158	121
159	150
160	98
161	119
162	104
163	84
164	79
165	108
166	107
167	109
168	82
169	81
170	87
171	63
172	67
173	51
174	59
175	48
176	75
177	68
178	53
179	59
180	52
181	43
182	47
183	39
184	61
185	57
186	78
187	74
188	39
189	32
190	28
191	38
192	53
193	48
194	38
195	43
196	47
197	59
198	90
199	51
200	40
201	43
202	33
203	40
204	45
205	56
206	51
207	49
208	71
209	70
210	59
211	42
212	38
213	23
214	22
215	18
216	22
217	17
218	14
219	11
220	12
221	10
222	8
223	11
224	10
225	14
226	19
227	20
228	34
229	25
230	15
231	34
232	25
233	23
234	24
235	36
236	18
237	33
238	27
239	14
240	5
241	6
242	2
243	2
244	6
245	2
246	1
247	4
248	3
249	11
250	9
251	8
252	19
253	24
254	21
255	17
256	14
257	17
258	9
259	15
260	9
261	8
262	5
263	5
264	3
265	4
266	3
267	4
268	3
269	0
270	5
271	5
272	0
273	3
274	2
275	1
276	1
277	3
278	1
279	2
280	2
281	3
282	1
283	0
284	2
285	3
286	3
287	1
288	3
289	3
290	3
291	5
292	5
293	7
294	1
295	2
296	0
297	3
298	3
299	3
300	1
301	5
302	2
303	2
304	1
305	2
306	2
307	4
308	6
309	3
310	9
311	7
312	5
313	6
314	10
315	9
316	5
317	4
318	4
319	5
320	1
321	10
322	3
323	1
324	2
