#Coverage	numBases
0	2228449530
1	384777382
2	193896854
3	88180791
4	55286480
5	39981254
6	31975858
7	26390590
8	21861358
9	17993565
10	14696661
11	11920643
12	9597076
13	7720344
14	6182408
15	4926466
16	3943977
17	3171097
18	2557034
19	2062845
20	1665166
21	1346008
22	1095553
23	895523
24	746799
25	631171
26	549951
27	484173
28	437214
29	403751
30	377552
31	359892
32	345407
33	335603
34	329635
35	324876
36	318671
37	310904
38	307252
39	303914
40	299786
41	291735
42	285402
43	279078
44	268653
45	258360
46	245862
47	233204
48	216700
49	201324
50	188042
51	173532
52	160682
53	147045
54	135167
55	122857
56	110284
57	99268
58	89471
59	80166
60	72527
61	63677
62	55437
63	48863
64	43651
65	38479
66	34178
67	29379
68	26052
69	22932
70	20108
71	18141
72	15817
73	14299
74	12606
75	11109
76	10228
77	9344
78	8474
79	7826
80	6901
81	6301
82	5956
83	5480
84	5184
85	4663
86	4585
87	4471
88	4174
89	4014
90	4029
91	3567
92	3542
93	3464
94	3460
95	3510
96	3219
97	3077
98	3196
99	2963
100	2896
101	2700
102	2466
103	2252
104	2252
105	2224
106	2056
107	1884
108	1812
109	1736
110	1706
111	1616
112	1595
113	1567
114	1388
115	1395
116	1421
117	1440
118	1299
119	1450
120	1227
121	1182
122	1162
123	1215
124	1209
125	1225
126	1181
127	1206
128	1130
129	1115
130	1019
131	1002
132	1092
133	1044
134	1036
135	990
136	1060
137	1056
138	1057
139	1035
140	990
141	1052
142	998
143	1025
144	969
145	957
146	957
147	956
148	1035
149	933
150	894
151	864
152	819
153	771
154	801
155	777
156	683
157	653
158	587
159	559
160	538
161	500
162	489
163	464
164	485
165	469
166	484
167	477
168	418
169	407
170	389
171	346
172	307
173	323
174	241
175	278
176	220
177	222
178	205
179	182
180	212
181	215
182	232
183	199
184	191
185	202
186	256
187	210
188	188
189	188
190	181
191	142
192	182
193	161
194	158
195	153
196	168
197	143
198	123
199	150
200	132
201	122
202	121
203	144
204	129
205	111
206	132
207	150
208	115
209	127
210	121
211	145
212	129
213	127
214	113
215	93
216	107
217	130
218	118
219	120
220	120
221	125
222	147
223	118
224	101
225	92
226	96
227	135
228	113
229	107
230	99
231	124
232	154
233	147
234	143
235	147
236	136
237	128
238	115
239	92
240	123
241	107
242	138
243	117
244	110
245	141
246	134
247	156
248	186
249	179
250	178
251	108
252	130
253	115
254	97
255	133
256	118
257	107
258	126
259	99
260	124
261	135
262	99
263	123
264	139
265	148
266	135
267	135
268	128
269	159
270	165
271	117
272	100
273	112
274	113
275	125
276	100
277	87
278	81
279	78
280	57
281	66
282	59
283	74
284	58
285	65
286	75
287	49
288	69
289	67
290	79
291	67
292	78
293	94
294	85
295	95
296	69
297	66
298	82
299	94
300	57
301	76
302	32
303	45
304	53
305	41
306	59
307	57
308	30
309	57
310	41
311	48
312	52
313	37
314	32
315	47
316	32
317	30
318	32
319	36
320	44
321	30
322	49
323	40
324	31
325	33
326	43
327	53
328	68
329	69
330	53
331	46
332	47
333	45
334	52
335	37
336	54
337	58
338	47
339	33
340	36
341	44
342	55
343	40
344	56
345	38
346	35
347	47
348	35
349	36
350	40
351	29
352	28
353	49
354	39
355	37
356	39
357	40
358	39
359	39
360	32
361	32
362	45
363	26
364	52
365	42
366	45
367	42
368	36
369	26
370	28
371	48
372	14
373	27
374	18
375	28
376	28
377	29
378	31
379	13
380	26
381	44
382	23
383	32
384	31
385	37
386	51
387	37
388	27
389	44
390	27
391	33
392	19
393	23
394	22
395	15
396	23
397	17
398	21
399	42
400	18
401	29
402	28
403	25
404	24
405	14
406	12
407	20
408	19
409	15
410	15
411	16
412	10
413	19
414	24
415	15
416	19
417	17
418	12
419	10
420	9
421	16
422	13
423	11
424	11
425	13
426	10
427	10
428	20
429	18
430	15
431	12
432	15
433	6
434	10
435	6
436	18
437	22
438	15
439	10
440	13
441	11
442	14
443	16
444	14
445	15
446	8
447	16
448	15
449	11
450	9
451	12
452	15
453	8
454	14
455	13
456	7
457	7
458	12
459	7
460	12
461	11
462	8
463	13
464	9
465	6
466	2
467	0
468	3
469	5
470	6
471	5
472	14
473	11
474	9
475	12
476	9
477	10
478	8
479	15
480	7
481	9
482	8
483	2
484	8
485	6
486	9
487	10
488	12
489	4
490	4
491	2
492	4
493	3
494	2
495	1
496	4
497	3
498	5
499	7
500	8
501	16
502	11
503	10
504	10
505	9
506	4
507	4
508	4
509	0
510	5
511	2
512	4
513	11
514	6
515	13
516	11
517	13
518	8
519	14
520	11
521	20
522	14
523	8
524	4
525	1
526	7
527	7
528	3
529	3
530	2
531	6
532	7
533	6
534	8
535	4
536	5
537	14
538	3
539	3
540	4
541	3
542	4
543	2
544	2
545	2
546	5
547	1
548	3
549	0
550	2
551	0
552	2
553	2
554	0
555	0
556	2
557	1
558	1
559	1
560	2
561	0
562	1
563	1
564	0
565	1
566	0
567	1
568	1
569	0
570	1
571	0
572	1
573	0
574	0
575	0
576	1
577	2
578	0
579	1
580	0
581	2
582	2
583	0
584	0
585	1
586	2
587	0
588	4
589	3
590	5
591	4
592	3
593	6
594	1
595	3
596	5
597	6
598	3
599	3
600	5
601	3
602	3
603	9
604	3
605	9
606	11
607	8
608	7
609	18
610	3
611	6
612	8
613	9
614	11
615	11
616	9
617	3
618	11
619	9
620	6
621	6
622	8
623	4
624	8
625	7
626	4
627	5
628	8
629	3
630	2
631	1
632	3
