#Coverage	numBases
0	2691722204
1	221074817
2	100596425
3	39722655
4	20676671
5	10867871
6	5997667
7	3492590
8	2210859
9	1520930
10	1122653
11	860007
12	677422
13	535360
14	416927
15	313733
16	238904
17	177182
18	127736
19	91592
20	64516
21	46449
22	33540
23	24663
24	18494
25	14297
26	11482
27	9198
28	7716
29	6508
30	5832
31	5108
32	4523
33	4106
34	3437
35	3254
36	2740
37	2502
38	2231
39	2035
40	1903
41	1685
42	1555
43	1268
44	1196
45	1132
46	980
47	941
48	867
49	803
50	661
51	645
52	566
53	619
54	580
55	621
56	511
57	502
58	458
59	464
60	486
61	560
62	456
63	415
64	277
65	230
66	205
67	251
68	286
69	238
70	229
71	166
72	243
73	287
74	274
75	166
76	173
77	201
78	191
79	143
80	139
81	122
82	128
83	127
84	207
85	86
86	159
87	100
88	139
89	124
90	143
91	93
92	109
93	99
94	67
95	67
96	57
97	56
98	34
99	74
100	64
101	67
102	78
103	53
104	108
105	109
106	59
107	77
108	68
109	67
110	65
111	62
112	66
113	85
114	64
115	25
116	45
117	38
118	36
119	45
120	44
121	46
122	51
123	28
124	29
125	21
126	17
127	6
128	6
129	12
130	8
131	15
132	16
133	32
134	32
135	31
136	23
137	11
138	14
139	10
140	5
141	7
142	1
143	3
144	1
