#Coverage	numBases
0	1857399360
1	455904803
2	268241244
3	138515197
4	82128464
5	51541923
6	36201580
7	28022434
8	23717804
9	21130832
10	19331903
11	17911663
12	16657961
13	15449723
14	14289557
15	13122720
16	11947056
17	10817129
18	9734368
19	8699546
20	7761926
21	6906510
22	6145797
23	5460222
24	4850337
25	4311813
26	3820561
27	3413697
28	3041650
29	2705857
30	2406260
31	2148663
32	1910526
33	1702776
34	1512550
35	1349057
36	1199377
37	1063368
38	941575
39	835426
40	740644
41	664434
42	592477
43	530931
44	474010
45	424180
46	380971
47	346880
48	318358
49	291532
50	270087
51	251350
52	236499
53	222622
54	210826
55	200713
56	189925
57	183399
58	175285
59	169633
60	165126
61	160409
62	156077
63	152848
64	150972
65	147928
66	146787
67	146144
68	145789
69	146294
70	146615
71	148250
72	149949
73	149743
74	151428
75	153515
76	155627
77	156984
78	156477
79	157274
80	156784
81	156261
82	155760
83	156682
84	156648
85	155278
86	154370
87	152885
88	151989
89	149778
90	145999
91	142586
92	139712
93	137726
94	135796
95	131638
96	128074
97	122362
98	118282
99	113806
100	109672
101	105691
102	101780
103	97681
104	92773
105	88230
106	84388
107	80363
108	77169
109	73237
110	69336
111	65715
112	62012
113	57885
114	54980
115	51933
116	49524
117	46304
118	43278
119	40785
120	38098
121	35434
122	33134
123	30842
124	28493
125	26882
126	25103
127	23757
128	22171
129	20915
130	19375
131	18360
132	17045
133	15735
134	14799
135	13542
136	12809
137	11510
138	10769
139	10156
140	9510
141	9031
142	8614
143	7991
144	7413
145	6908
146	6471
147	6030
148	5656
149	5238
150	4931
151	4531
152	4291
153	3914
154	3576
155	3318
156	3300
157	3133
158	3097
159	2861
160	2879
161	2663
162	2643
163	2505
164	2301
165	2285
166	2066
167	2077
168	1910
169	1931
170	2043
171	1947
172	1912
173	1939
174	1940
175	1882
176	1834
177	1733
178	1679
179	1665
180	1588
181	1804
182	1838
183	1756
184	1832
185	1700
186	1810
187	1671
188	1664
189	1649
190	1558
191	1625
192	1701
193	1588
194	1594
195	1547
196	1591
197	1635
198	1679
199	1586
200	1620
201	1511
202	1568
203	1516
204	1499
205	1422
206	1440
207	1511
208	1353
209	1389
210	1386
211	1314
212	1266
213	1243
214	1255
215	1273
216	1226
217	1219
218	1148
219	1115
220	1057
221	969
222	923
223	899
224	995
225	870
226	859
227	851
228	859
229	825
230	896
231	783
232	802
233	753
234	726
235	665
236	670
237	648
238	662
239	608
240	628
241	693
242	667
243	714
244	645
245	622
246	677
247	634
248	633
249	579
250	578
251	624
252	645
253	596
254	553
255	578
256	635
257	594
258	538
259	615
260	597
261	575
262	683
263	572
264	624
265	567
266	589
267	588
268	498
269	512
270	523
271	483
272	511
273	516
274	487
275	524
276	470
277	504
278	500
279	512
280	549
281	537
282	552
283	575
284	552
285	516
286	529
287	552
288	487
289	479
290	490
291	429
292	455
293	431
294	423
295	404
296	439
297	426
298	372
299	427
300	372
301	422
302	408
303	379
304	410
305	343
306	352
307	363
308	313
309	378
310	333
311	380
312	361
313	349
314	381
315	355
316	353
317	343
318	355
319	359
320	360
321	318
322	343
323	354
324	329
325	344
326	338
327	351
328	321
329	341
330	328
331	317
332	301
333	272
334	279
335	313
336	280
337	283
338	242
339	220
340	231
341	208
342	244
343	218
344	245
345	186
346	192
347	167
348	174
349	173
350	170
351	169
352	141
353	145
354	129
355	151
356	162
357	125
358	146
359	171
360	124
361	157
362	149
363	134
364	122
365	134
366	152
367	141
368	117
369	134
370	154
371	126
372	134
373	106
374	96
375	118
376	104
377	105
378	120
379	77
380	75
381	69
382	59
383	83
384	91
385	64
386	86
387	79
388	69
389	63
390	75
391	57
392	73
393	67
394	100
395	51
396	81
397	74
398	89
399	85
400	100
401	79
402	54
403	65
404	43
405	57
406	61
407	57
408	59
409	52
410	47
411	72
412	48
413	58
414	57
415	63
416	71
417	65
418	53
419	51
420	58
421	45
422	48
423	64
424	60
425	71
426	54
427	51
428	66
429	59
430	69
431	72
432	67
433	71
434	55
435	61
436	63
437	45
438	66
439	64
440	56
441	46
442	49
443	56
444	63
445	47
446	40
447	67
448	52
449	58
450	45
451	61
452	53
453	66
454	75
455	75
456	75
457	82
458	89
459	93
460	70
461	76
462	84
463	95
464	92
465	77
466	83
467	86
468	72
469	79
470	73
471	64
472	73
473	84
474	69
475	58
476	59
477	67
478	34
479	58
480	59
481	49
482	63
483	59
484	51
485	74
486	53
487	80
488	55
489	61
490	63
491	63
492	60
493	56
494	73
495	67
496	86
497	75
498	56
499	52
500	51
501	59
502	51
503	60
504	38
505	47
506	29
507	41
508	31
509	44
510	37
511	46
512	46
513	44
514	35
515	39
516	25
517	50
518	25
519	33
520	44
521	40
522	50
523	46
524	55
525	53
526	61
527	87
528	48
529	60
530	73
531	86
532	77
533	85
534	56
535	71
536	51
537	70
538	42
539	65
540	50
541	61
542	53
543	55
544	65
545	60
546	54
547	59
548	71
549	64
550	66
551	72
552	52
553	54
554	63
555	58
556	52
557	53
558	64
559	57
560	48
561	60
562	55
563	66
564	70
565	66
566	55
567	55
568	56
569	42
570	44
571	46
572	48
573	49
574	55
575	42
576	53
577	41
578	40
579	44
580	42
581	32
582	43
583	54
584	56
585	59
586	38
587	37
588	44
589	41
590	29
591	39
592	39
593	31
594	44
595	32
596	29
597	22
598	25
599	30
600	40
601	32
602	27
603	26
604	33
605	19
606	25
607	22
608	22
609	19
610	20
611	23
612	12
613	16
614	16
615	10
616	7
617	20
618	17
619	24
620	18
621	14
622	15
623	33
624	20
625	27
626	31
627	26
628	33
629	27
630	28
631	40
632	57
633	46
634	44
635	45
636	36
637	39
638	33
639	14
640	10
641	10
642	27
643	15
644	25
645	16
646	21
647	31
648	48
649	25
650	26
651	18
652	27
653	17
654	14
655	24
656	16
657	9
658	18
659	21
660	17
661	24
662	33
663	21
664	24
665	24
666	19
667	15
668	26
669	16
670	21
671	23
672	24
673	24
674	18
675	12
676	16
677	21
678	14
679	13
680	19
681	17
682	28
683	15
684	22
685	17
686	18
687	26
688	23
689	25
690	17
691	19
692	8
693	16
694	16
695	13
696	19
697	14
698	16
699	12
700	16
701	21
702	10
703	14
704	13
705	10
706	17
707	20
708	14
709	14
710	12
711	23
712	29
713	24
714	25
715	25
716	22
717	25
718	33
719	17
720	23
721	14
722	15
723	16
724	11
725	15
726	15
727	15
728	9
729	9
730	11
731	19
732	16
733	16
734	17
735	16
736	17
737	10
738	19
739	13
740	17
741	13
742	17
743	13
744	10
745	14
746	13
747	17
748	21
749	20
750	27
751	25
752	19
753	15
754	9
755	33
756	14
757	20
758	31
759	29
760	23
761	18
762	26
763	25
764	27
765	24
766	14
767	17
768	18
769	20
770	16
771	11
772	21
773	24
774	13
775	10
776	16
777	15
778	10
779	23
780	22
781	21
782	15
783	15
784	14
785	8
786	14
787	12
788	13
789	11
790	6
791	10
792	8
793	11
794	6
795	9
796	14
797	16
798	18
799	16
800	19
801	9
802	10
803	11
804	18
805	13
806	18
807	18
808	20
809	15
810	22
811	11
812	14
813	15
814	14
815	15
816	10
817	16
818	9
819	10
820	17
821	12
822	13
823	13
824	14
825	14
826	14
827	10
828	12
829	10
830	9
831	10
832	12
833	13
834	6
835	19
836	14
837	8
838	11
839	10
840	23
841	15
842	9
843	11
844	9
845	15
846	11
847	14
848	11
849	18
850	10
851	14
852	19
853	15
854	10
855	9
856	10
857	6
858	11
859	12
860	9
861	10
862	14
863	13
864	14
865	16
866	10
867	6
868	18
869	8
870	4
871	7
872	4
873	5
874	8
875	5
876	1
877	4
878	7
879	7
880	8
881	3
882	8
883	8
884	7
885	15
886	5
887	2
888	7
889	6
890	7
891	3
892	5
893	4
894	5
895	3
896	7
897	3
898	8
899	6
900	2
901	2
902	5
903	6
904	4
905	2
906	6
907	7
908	7
909	7
910	5
911	5
912	6
913	4
914	7
915	5
916	6
917	10
918	10
919	7
920	9
921	5
922	7
923	4
924	3
925	4
926	2
927	8
928	6
929	7
930	7
931	3
932	4
933	7
934	3
935	3
936	2
937	11
938	7
939	11
940	11
941	5
942	8
943	4
944	5
945	6
946	6
947	1
948	6
949	4
950	6
951	2
952	6
953	6
954	0
955	6
956	3
957	7
958	7
959	5
960	5
961	3
962	5
963	10
964	3
965	8
966	4
967	7
968	4
969	9
970	10
971	8
972	19
973	15
974	10
975	15
976	10
977	8
978	6
979	4
980	6
981	9
982	7
983	11
984	8
985	3
986	8
987	5
988	1
989	2
990	2
991	3
992	3
993	4
994	7
995	4
996	4
997	1
998	1
999	1
1000	2
1001	2
1002	0
1003	1
1004	3
1005	3
1006	1
1007	0
1008	2
1009	1
1010	4
1011	1
1012	3
1013	0
1014	1
1015	0
1016	2
1017	1
1018	1
1019	0
1020	5
1021	3
1022	1
1023	2
1024	2
1025	1
1026	2
1027	2
1028	0
1029	1
1030	0
1031	1
1032	1
1033	2
1034	2
1035	3
1036	4
1037	1
1038	1
1039	0
1040	2
1041	1
1042	2
1043	3
1044	3
1045	0
1046	0
1047	2
1048	2
1049	2
1050	1
1051	1
1052	5
1053	2
1054	1
1055	3
1056	5
1057	2
1058	4
1059	9
1060	4
1061	4
1062	3
1063	3
1064	1
1065	1
1066	1
1067	0
1068	5
1069	6
1070	4
1071	2
1072	4
1073	4
1074	3
1075	6
1076	4
1077	5
1078	8
1079	7
1080	7
1081	8
1082	5
1083	4
1084	3
1085	5
1086	3
1087	8
1088	5
1089	5
1090	8
1091	7
1092	9
1093	12
1094	17
1095	6
1096	6
1097	2
1098	2
1099	3
1100	5
1101	0
1102	1
1103	1
1104	2
1105	0
1106	2
1107	1
1108	1
1109	1
1110	0
1111	0
1112	1
1113	0
1114	3
1115	3
1116	0
1117	0
1118	2
1119	1
1120	2
1121	2
1122	0
1123	0
1124	3
1125	2
1126	3
1127	2
1128	0
1129	2
1130	1
1131	3
1132	2
1133	3
1134	1
1135	1
1136	2
1137	2
1138	3
1139	0
1140	1
1141	1
1142	0
1143	0
1144	1
1145	0
1146	0
1147	0
1148	0
1149	1
1150	0
1151	1
1152	1
1153	0
1154	1
1155	1
1156	2
1157	1
1158	3
1159	2
1160	2
1161	0
1162	2
1163	3
1164	6
1165	2
1166	2
1167	1
1168	1
1169	4
1170	5
1171	5
1172	1
1173	6
1174	4
1175	4
1176	5
1177	9
1178	4
1179	2
1180	9
1181	2
1182	8
1183	6
1184	3
1185	4
1186	5
1187	2
1188	2
1189	5
1190	4
1191	4
1192	3
1193	2
1194	3
1195	6
1196	6
1197	4
1198	2
1199	1
1200	3
1201	1
1202	0
1203	1
1204	0
1205	2
1206	0
1207	2
1208	4
1209	2
1210	2
1211	2
1212	2
1213	7
1214	6
1215	2
1216	6
1217	6
1218	8
1219	7
1220	4
1221	8
1222	8
1223	9
1224	2
1225	7
1226	4
1227	2
1228	2
1229	3
1230	2
1231	0
1232	3
1233	1
1234	1
1235	0
1236	2
1237	4
1238	1
1239	0
1240	1
1241	1
